GGAANNGAAA	7.73304891456e-117	0.0	449	1916	8220	145264	18.9852	5.3556
GGAA_GAAA	7.12201062001e-66	0.0	680	1685	22770	130714	28.7526	14.8354
GGAA_GGAA	2.15466366701e-44	0.0	490	1875	16519	136965	20.7188	10.7627
GGAA	8.57417197554e-36	0.0	2362	3	147545	5939	99.8732	96.1305
GAAA_GGAA	2.36834539043e-28	0.0	530	1835	21388	132096	22.4101	13.935
AAAGNGGAA	1.07302359051e-27	0.0	253	2112	7759	145725	10.6977	5.0553
AAGG	1.22358421386e-26	0.0	2351	14	147135	6349	99.408	95.8634
GGAANNNGGAA	4.14210779253e-26	0.0	204	2161	5803	147681	8.6258	3.7809
GGAANNGGAA	4.25258714699e-25	0.0	200	2165	5748	147736	8.4567	3.745
GGAANNNAAAG	4.28434913975e-23	0.0	238	2127	7703	145781	10.0634	5.0188
AAAG	4.00865370593e-20	0.0	2349	16	147992	5492	99.3235	96.4218
GAAANNGGAA	4.61204099742e-20	0.0	240	2125	8258	145226	10.148	5.3804
AAAG_GGAA	3.23040004745e-15	1.80300219199e-13	477	1888	21819	131665	20.1691	14.2158
GAAA	2.62509712933e-13	1.44351197662e-11	2336	29	147820	5664	98.7738	96.3097
GGAA_AAAG	3.86496538536e-13	2.08693062831e-11	467	1898	21922	131562	19.7463	14.2829
GGAA_AAGG	4.98735291318e-10	2.64329692579e-08	361	2004	16997	136487	15.2643	11.0741
AAGGNGGAA	8.35055319425e-10	4.3422877738e-08	143	2222	5377	148107	6.0465	3.5033
GAAANNNGGAA	2.99909393501e-08	1.52953676247e-06	180	2185	7631	145853	7.611	4.9719
GAAA_GAAA	6.87551670936e-08	3.43775256484e-06	583	1782	30913	122571	24.6512	20.1409
AAGG_GGAA	2.39293915542e-07	1.17253345236e-05	343	2022	16999	136485	14.5032	11.0754
GAAANGAAA	2.56680012194e-07	1.23205662702e-05	268	2097	12738	140746	11.3319	8.2992
AAAGNNGAAA	1.17082284584e-06	5.5027191915e-05	214	2151	9958	143526	9.0486	6.488
AAAGNNGGAA	1.7243919516e-06	7.93189522487e-05	159	2206	7005	146479	6.723	4.564
GAAANGGAA	2.14211179446e-06	9.63904881355e-05	160	2205	7087	146397	6.7653	4.6174
GGAANAAGG	3.25390456267e-05	0.00143071684885	114	2251	4968	148516	4.8203	3.2368
AAGG_AAGG	4.34753965136e-05	0.00186773629432	307	2058	15958	137526	12.981	10.3972
AAGGNGAAA	6.01096367778e-05	0.00252149629848	140	2225	6461	147023	5.9197	4.2096
GGAANNNAAGG	7.91969945626e-05	0.00324193889386	150	2215	7056	146428	6.3425	4.5972
GGAANGGAA	0.000174095196728	0.00694021879156	135	2230	6347	147137	5.7082	4.1353
GGAANNNGAAA	0.00027796564517	0.0107836026589	165	2200	8113	145371	6.9767	5.2859
GGAANNAAGG	0.000334634306311	0.0126376968097	131	2234	6229	147255	5.5391	4.0584
AAAG_AAGG	0.000389251543688	0.0143018536992	374	1991	20520	132964	15.814	13.3695
AAAGNNNAAGG	0.000749961743109	0.0266472770853	132	2233	6422	147062	5.5814	4.1841
AAGGNNNAAGG	0.00157230678343	0.0535849323447	105	2260	5031	148453	4.4397	3.2779
AAGG_GAAA	0.00171511504561	0.0566934563153	360	2005	20128	133356	15.222	13.1141
GAAANNGAAA	0.00261113435184	0.0826627758823	227	2138	12231	141253	9.5983	7.9689
GAAANNNAAGG	0.00461124513541	0.137483596024	139	2226	7182	146302	5.8774	4.6793
GAAA_AAGG	0.00767597137433	0.212485173748	328	2037	18692	134792	13.8689	12.1785
GAAANAAGG	0.00934007667169	0.2453634687	99	2266	5016	148468	4.186	3.2681
GGAANNAAAG	0.00990911173705	0.250836088157	147	2218	7833	145651	6.2156	5.1035
AAGGNNNGGAA	0.0108699121176	0.263630902542	96	2269	4874	148610	4.0592	3.1756
AAGGNNAAGG	0.0110991890745	0.263630902542	114	2251	5922	147562	4.8203	3.8584
AAGGNAAGG	0.0180931559096	0.377946889393	118	2247	6272	147212	4.9894	4.0864
AAAG_GAAA	0.0300537253866	0.533671473323	488	1877	29271	124213	20.6342	19.071
GAAANNNGAAA	0.0347197385836	0.571764946312	184	2181	10433	143051	7.7801	6.7975
AAGGNAAAG	0.0402126545978	0.610932056274	147	2218	8234	145250	6.2156	5.3647
AAAGNNAAGG	0.0403110011324	0.610932056274	137	2228	7630	145854	5.7928	4.9712
GAAANNNAAAG	0.0576650484576	0.712716098163	205	2160	11917	141567	8.6681	7.7643
AAAGNAAAG	0.0709763771479	0.77063077662	206	2159	12068	141416	8.7104	7.8627
AAAGNGAAA	0.123041475325	0.917471865544	169	2196	10020	143464	7.1459	6.5284
AAAG_AAAG	0.132094141405	0.92192586889	485	1880	30032	123452	20.5074	19.5669
GGAANGAAA	0.137484455502	0.92192586889	141	2224	8329	145155	5.9619	5.4266
GGAANAAAG	0.271388605669	0.993691365913	130	2235	7980	145504	5.4968	5.1992
AAGGNNGGAA	0.275000709794	0.993691365913	128	2237	7861	145623	5.4123	5.1217
AAGGNNAAAG	0.301577136859	0.993691365913	119	2246	7344	146140	5.0317	4.7849
AAGGNNGAAA	0.310036379848	0.993691365913	126	2239	7805	145679	5.3277	5.0852
AAGGNNNGAAA	0.332879640884	0.993691365913	117	2248	7276	146208	4.9471	4.7406
AAAGNAAGG	0.338404451979	0.993691365913	130	2235	8115	145369	5.4968	5.2872
AAAGNNNAAAG	0.366780038528	0.993691365913	172	2193	10860	142624	7.2727	7.0757
AAAGNNAAAG	0.453476987432	0.995650131957	176	2189	11301	142183	7.4419	7.363
GAAA_AAAG	0.46896976118	0.995650131957	480	1885	31025	122459	20.296	20.2138
GAAANNAAGG	0.746871655325	0.999933413613	113	2252	7769	145715	4.778	5.0618
AAGG_AAAG	0.828834578848	0.99997485242	341	2024	23179	130305	14.4186	15.1019
GAAANAAAG	0.866969271929	0.99997485242	166	2199	11675	141809	7.019	7.6067
GAAANNAAAG	0.875368443484	0.99997485242	175	2190	12316	141168	7.3996	8.0243
AAAGNNNGGAA	0.996999010838	0.999999972973	102	2263	8520	144964	4.3129	5.5511
AAGGNNNAAAG	0.999399912488	0.999999972973	104	2261	9045	144439	4.3975	5.8931
AAAGNNNGAAA	0.999400016407	0.999999972973	153	2212	12636	140848	6.4693	8.2328
