GGAANNGAAA	0.0	0.0	1599	7671	8220	145264	17.2492	5.3556
GGAA_GAAA	5.66348019044e-177	0.0	2469	6801	22770	130714	26.6343	14.8354
GGAA	1.80570933457e-127	0.0	9254	16	147545	5939	99.8274	96.1305
GGAA_GGAA	4.08044106974e-94	0.0	1687	7583	16519	136965	18.1985	10.7627
AAGG	1.25613967432e-87	0.0	9203	67	147135	6349	99.2772	95.8634
AAAG	2.72517196793e-69	0.0	9203	67	147992	5492	99.2772	96.4218
GAAA	2.43478972877e-64	0.0	9190	80	147820	5664	99.137	96.3097
GGAANNGGAA	4.84241442157e-64	0.0	711	8559	5748	147736	7.6699	3.745
AAAGNGGAA	3.34333003602e-63	0.0	877	8393	7759	145725	9.4606	5.0553
GGAANNNAAAG	4.31391434536e-63	0.0	872	8398	7703	145781	9.4067	5.0188
GAAA_GGAA	1.42940020598e-52	0.0	1844	7426	21388	132096	19.8921	13.935
GGAANNNGGAA	2.36182657618e-48	0.0	661	8609	5803	147681	7.1305	3.7809
GAAANNGGAA	1.53238199655e-38	0.0	815	8455	8258	145226	8.7918	5.3804
GGAA_AAAG	1.11598899816e-31	0.0	1746	7524	21922	131562	18.835	14.2829
AAAG_GGAA	2.09579406395e-31	0.0	1737	7533	21819	131665	18.7379	14.2158
AAGGNGGAA	2.91388045786e-25	0.0	531	8739	5377	148107	5.7282	3.5033
GAAANGAAA	6.64128293315e-16	3.46389583683e-14	998	8272	12738	140746	10.7659	8.2992
GGAA_AAGG	2.70780251768e-14	1.38156153184e-12	1269	8001	16997	136487	13.6893	11.0741
GAAA_GAAA	7.66071996574e-14	3.83026943496e-12	2167	7103	30913	122571	23.3765	20.1409
AAGG_GGAA	1.09452260098e-13	5.36393152117e-12	1263	8007	16999	136485	13.6246	11.0754
GAAANGGAA	2.04637758902e-13	9.82147696504e-12	588	8682	7087	146397	6.343	4.6174
AAAGNNGGAA	4.95874064026e-12	2.33058905508e-10	572	8698	7005	146479	6.1704	4.564
GAAANNNGGAA	3.29236090849e-11	1.51448853458e-09	609	8661	7631	145853	6.5696	4.9719
AAAGNNNAAGG	3.51744926563e-10	1.58285233809e-08	517	8753	6422	147062	5.5771	4.1841
AAGG_AAGG	8.14340303668e-10	3.5830970857e-08	1152	8118	15958	137526	12.4272	10.3972
AAAGNNGAAA	5.00761844607e-09	2.15327569886e-07	747	8523	9958	143526	8.0583	6.488
GGAANAAGG	3.23155322411e-07	1.35724336271e-05	392	8878	4968	148516	4.2287	3.2368
AAGGNGAAA	6.34903044683e-07	2.60306942916e-05	491	8779	6461	147023	5.2967	4.2096
GGAANGGAA	8.61870126917e-07	3.4474225684e-05	482	8788	6347	147137	5.1996	4.1353
GGAANNNGAAA	2.07541299503e-06	8.09379151491e-05	596	8674	8113	145371	6.4293	5.2859
AAAG_AAGG	4.63886593343e-06	0.000176261778399	1392	7878	20520	132964	15.0162	13.3695
AAGGNNNAAGG	9.21214173648e-06	0.000340792731194	383	8887	5031	148453	4.1316	3.2779
GGAANNNAAGG	1.02850982935e-05	0.000370196902887	518	8752	7056	146428	5.5879	4.5972
AAGGNNNGGAA	2.5544329244e-05	0.000893663387518	368	8902	4874	148610	3.9698	3.1756
GGAANNAAGG	4.32889604788e-05	0.00147077386451	456	8814	6229	147255	4.9191	4.0584
GGAANNAAAG	5.83628109949e-05	0.00192417536404	560	8710	7833	145651	6.041	5.1035
AAGGNNAAGG	8.93447817573e-05	0.00285507723633	432	8838	5922	147562	4.6602	3.8584
GAAANNNGAAA	0.000687945623261	0.0211077006282	712	8558	10433	143051	7.6807	6.7975
AAAGNGAAA	0.000744396897746	0.0220925281278	685	8585	10020	143464	7.3894	6.5284
GAAANNGAAA	0.00120789352443	0.0344429447413	822	8448	12231	141253	8.8673	7.9689
GAAANAAGG	0.00154499664235	0.0423695803116	357	8913	5016	148468	3.8511	3.2681
AAGG_GAAA	0.00276277732682	0.0719764994814	1310	7960	20128	133356	14.1316	13.1141
GAAA_AAGG	0.00412016719789	0.101784840034	1216	8054	18692	134792	13.1176	12.1785
AAGGNAAGG	0.0049180999543	0.115962538678	431	8839	6272	147212	4.6494	4.0864
AAAG_GAAA	0.0103783486218	0.221496585237	1859	7411	29271	124213	20.0539	19.071
AAAGNNAAAG	0.0726034826843	0.823353273105	721	8549	11301	142183	7.7778	7.363
AAAG_AAAG	0.0951107268806	0.8890570578	1866	7404	30032	123452	20.1294	19.5669
AAAGNAAGG	0.101714328875	0.894875506787	519	8751	8115	145369	5.5987	5.2872
GAAANNAAGG	0.14294399448	0.954271806107	493	8777	7769	145715	5.3182	5.0618
GGAANGAAA	0.159348796987	0.963042640259	526	8744	8329	145155	5.6742	5.4266
GAAANNNAAAG	0.217059298347	0.987778636179	741	8529	11917	141567	7.9935	7.7643
GAAANNNAAGG	0.226059435355	0.987778636179	450	8820	7182	146302	4.8544	4.6793
AAGGNAAAG	0.234012655337	0.987778636179	514	8756	8234	145250	5.5448	5.3647
GAAA_AAAG	0.251319982161	0.987778636179	1901	7369	31025	122459	20.507	20.2138
AAAGNAAAG	0.317161295505	0.995208695018	742	8528	12068	141416	8.0043	7.8627
AAAGNNAAGG	0.376806118204	0.997861538908	468	8802	7630	145854	5.0485	4.9712
AAAGNNNAAAG	0.381346266279	0.997861538908	664	8606	10860	142624	7.1629	7.0757
AAGGNNAAAG	0.517822653901	0.999672452096	443	8827	7344	146140	4.7789	4.7849
AAGGNNGAAA	0.551000215916	0.999672452096	469	8801	7805	145679	5.0593	5.0852
GAAANAAAG	0.568554505424	0.999672452096	701	8569	11675	141809	7.562	7.6067
AAGGNNNGAAA	0.680365979274	0.999891050816	430	8840	7276	146208	4.6386	4.7406
GAAANNAAAG	0.763530024635	0.999958654139	725	8545	12316	141168	7.8209	8.0243
GGAANAAAG	0.925144162849	0.999999824064	451	8819	7980	145504	4.8652	5.1992
AAGGNNGGAA	0.943273852498	0.999999824064	441	8829	7861	145623	4.7573	5.1217
AAGG_AAAG	0.999171357597	1.0	1290	7980	23179	130305	13.9159	15.1019
AAAGNNNGGAA	0.999967492361	1.0	427	8843	8520	144964	4.6063	5.5511
AAAGNNNGAAA	0.999999881533	1.0	627	8643	12636	140848	6.7638	8.2328
AAGGNNNAAAG	0.999999970642	1.0	425	8845	9045	144439	4.5847	5.8931
