GGAANNGAAA	4.01987760639e-46	0.0	165	685	8220	145264	19.4118	5.3556
GGAA_GAAA	2.46086085489e-30	0.0	258	592	22770	130714	30.3529	14.8354
AAAGNGGAA	1.17421569713e-29	0.0	132	718	7759	145725	15.5294	5.0553
GGAA_GGAA	6.11328223663e-18	0.0	178	672	16519	136965	20.9412	10.7627
GGAA	2.97316143626e-15	1.91846538655e-13	850	0	147545	5939	100.0	96.1305
AAAG_GGAA	4.21575284931e-15	2.65787392095e-13	207	643	21819	131665	24.3529	14.2158
AAGG	1.05341921052e-14	6.53921361504e-13	849	1	147135	6349	99.8824	95.8634
AAAG	3.86097099771e-14	2.35678143667e-12	850	0	147992	5492	100.0	96.4218
GAAA_GGAA	2.54782880889e-12	1.52871049153e-10	194	656	21388	132096	22.8235	13.935
GAAANNGGAA	6.61014556329e-12	3.89999255113e-10	97	753	8258	145226	11.4118	5.3804
GAAA	8.93401455301e-11	5.18172527109e-09	847	3	147820	5664	99.6471	96.3097
GGAANNNGGAA	1.85355900408e-10	1.05652893101e-08	73	777	5803	147681	8.5882	3.7809
GGAANNNAAAG	1.26918547235e-09	7.10743812693e-08	86	764	7703	145781	10.1176	5.0188
GGAA_AAAG	1.82852059905e-09	1.00568625649e-07	186	664	21922	131562	21.8824	14.2829
GGAANNGGAA	3.85563798282e-09	2.08204432361e-07	69	781	5748	147736	8.1176	3.745
AAGGNGGAA	1.61216956888e-05	0.000854091814943	55	795	5377	148107	6.4706	3.5033
AAGG_GGAA	5.19563887758e-05	0.00269815582163	132	718	16999	136485	15.5294	11.0754
AAGG_AAGG	0.000414792652432	0.0209365366041	120	730	15958	137526	14.1176	10.3972
AAAGNNGAAA	0.000440743335394	0.0218008742046	81	769	9958	143526	9.5294	6.488
AAGGNNNAAGG	0.000484498539859	0.0234664593319	47	803	5031	148453	5.5294	3.2779
AAGGNGAAA	0.000508301999893	0.0241093121538	57	793	6461	147023	6.7059	4.2096
GAAANNNGGAA	0.000520873931451	0.0241900674466	65	785	7631	145853	7.6471	4.9719
GGAANGGAA	0.0024990945648	0.10872498083	53	797	6347	147137	6.2353	4.1353
AAGGNAAAG	0.00318030020722	0.13354193335	65	785	8234	145250	7.6471	5.3647
GAAA_GAAA	0.00343562959826	0.140520217427	204	646	30913	122571	24.0	20.1409
GGAANNNGAAA	0.00346291866961	0.140520217427	64	786	8113	145371	7.5294	5.2859
GGAANNAAAG	0.00370397170273	0.144317285736	62	788	7833	145651	7.2941	5.1035
GAAANGGAA	0.0038302893232	0.145589387915	57	793	7087	146397	6.7059	4.6174
AAAGNNNAAGG	0.00758805811581	0.262640528448	51	799	6422	147062	6.0	4.1841
AAGGNAAGG	0.00762252712175	0.262640528448	50	800	6272	147212	5.8824	4.0864
GGAA_AAGG	0.00879407454903	0.285128793893	117	733	16997	136487	13.7647	11.0741
GAAANGAAA	0.011310841141	0.343535014553	90	760	12738	140746	10.5882	8.2992
AAAGNGAAA	0.0217938631416	0.547630005382	71	779	10020	143464	8.3529	6.5284
AAGGNNNGGAA	0.0246619934986	0.582717494541	38	812	4874	148610	4.4706	3.1756
AAAG_AAGG	0.0310607480357	0.65795543998	133	717	20520	132964	15.6471	13.3695
GGAANAAGG	0.0315155338631	0.65795543998	38	812	4968	148516	4.4706	3.2368
AAAG_GAAA	0.0327672815308	0.65795543998	184	666	29271	124213	21.6471	19.071
GAAANNGAAA	0.0340513346016	0.658354700242	83	767	12231	141253	9.7647	7.9689
AAGGNNGGAA	0.0354963929561	0.661845100214	56	794	7861	145623	6.5882	5.1217
AAGG_GAAA	0.0359739330722	0.661845100214	130	720	20128	133356	15.2941	13.1141
AAAGNNGGAA	0.0437881488285	0.714559616895	50	800	7005	146479	5.8824	4.564
GAAANNNGAAA	0.0587917773252	0.805233508299	70	780	10433	143051	8.2353	6.7975
AAGGNNAAGG	0.0653020795248	0.827236024872	42	808	5922	147562	4.9412	3.8584
GGAANAAAG	0.131371507236	0.97042996934	52	798	7980	145504	6.1176	5.1992
GAAANAAGG	0.136733255368	0.970658638316	34	816	5016	148468	4.0	3.2681
GGAANNAAGG	0.149460909549	0.975847148924	41	809	6229	147255	4.8235	4.0584
GAAANNNAAGG	0.176033279698	0.985874209419	46	804	7182	146302	5.4118	4.6793
GGAANGAAA	0.206512300058	0.992231374614	52	798	8329	145155	6.1176	5.4266
GGAANNNAAGG	0.231555681495	0.9948447696	44	806	7056	146428	5.1765	4.5972
GAAANNNAAAG	0.238236553619	0.9948447696	72	778	11917	141567	8.4706	7.7643
AAGG_AAAG	0.246032017917	0.9948447696	136	714	23179	130305	16.0	15.1019
AAAGNNAAGG	0.298961244326	0.997614307457	46	804	7630	145854	5.4118	4.9712
AAAGNNAAAG	0.394479225426	0.999673363462	65	785	11301	142183	7.6471	7.363
GAAA_AAGG	0.413083861528	0.999673363462	106	744	18692	134792	12.4706	12.1785
AAAG_AAAG	0.456108242985	0.999801767583	168	682	30032	123452	19.7647	19.5669
AAAGNAAGG	0.518026298542	0.999924263811	45	805	8115	145369	5.2941	5.2872
AAAGNNNAAAG	0.52680229954	0.999924263811	60	790	10860	142624	7.0588	7.0757
AAGGNNGAAA	0.535931853929	0.999924263811	43	807	7805	145679	5.0588	5.0852
AAGGNNAAAG	0.743999928491	0.999998791071	37	813	7344	146140	4.3529	4.7849
AAGGNNNGAAA	0.777212428757	0.999998791071	36	814	7276	146208	4.2353	4.7406
AAAGNAAAG	0.787916004248	0.999998791071	61	789	12068	141416	7.1765	7.8627
AAGGNNNAAAG	0.789800935086	0.999998791071	45	805	9045	144439	5.2941	5.8931
GAAA_AAAG	0.809822878052	0.999998791071	162	688	31025	122459	19.0588	20.2138
AAAGNNNGGAA	0.84133093048	0.999998791071	41	809	8520	144964	4.8235	5.5511
GAAANNAAAG	0.948611565159	0.999998791071	56	794	12316	141168	6.5882	8.0243
GAAANNAAGG	0.968602473234	0.999998791071	32	818	7769	145715	3.7647	5.0618
AAAGNNNGAAA	0.987787592457	0.999998791071	53	797	12636	140848	6.2353	8.2328
GAAANAAAG	0.989192491835	0.999998791071	48	802	11675	141809	5.6471	7.6067
