GGAANNGAAA	2.88023621057e-128	0.0	598	2975	8220	145264	16.7366	5.3556
GGAA_GAAA	1.73134597778e-79	0.0	974	2599	22770	130714	27.26	14.8354
AAAGNGGAA	3.95214480046e-70	0.0	459	3114	7759	145725	12.8463	5.0553
GGAA	3.01730097719e-57	0.0	3571	2	147545	5939	99.944	96.1305
GAAA_GGAA	3.98432362581e-51	0.0	838	2735	21388	132096	23.4537	13.935
GGAA_GGAA	2.25731148598e-49	0.0	688	2885	16519	136965	19.2555	10.7627
AAAG	2.72869162061e-44	0.0	3565	8	147992	5492	99.7761	96.4218
GAAA	1.59542619221e-39	0.0	3559	14	147820	5664	99.6082	96.3097
AAGG	1.33730417966e-38	0.0	3551	22	147135	6349	99.3843	95.8634
GAAANNGGAA	3.31326293537e-38	0.0	392	3181	8258	145226	10.9712	5.3804
AAAG_GGAA	3.54768134795e-38	0.0	799	2774	21819	131665	22.3622	14.2158
GGAANNGGAA	1.46875715636e-36	0.0	302	3271	5748	147736	8.4523	3.745
GGAANNNGGAA	6.10255303466e-21	0.0	256	3317	5803	147681	7.1648	3.7809
GGAANNNAAAG	4.69633503724e-20	0.0	312	3261	7703	145781	8.7322	5.0188
GGAA_AAAG	2.96309817795e-17	0.0	696	2877	21922	131562	19.4794	14.2829
AAGGNGGAA	7.08151417036e-13	3.75293129906e-11	212	3361	5377	148107	5.9334	3.5033
GAAANGGAA	4.3730021151e-12	2.27398988528e-10	259	3314	7087	146397	7.2488	4.6174
GAAANNNGGAA	6.05820213756e-12	3.08965852902e-10	274	3299	7631	145853	7.6686	4.9719
AAGG_GGAA	2.07312965248e-11	1.03656527806e-09	527	3046	16999	136485	14.7495	11.0754
GAAA_GAAA	2.98464143603e-10	1.46247428612e-08	874	2699	30913	122571	24.4612	20.1409
AAAG_GAAA	7.8362044838e-10	3.76137834213e-08	829	2744	29271	124213	23.2018	19.071
AAAGNNGAAA	2.75342387916e-09	1.29410916649e-07	324	3249	9958	143526	9.068	6.488
AAGGNNNAAGG	9.18439438741e-09	4.2248205312e-07	183	3390	5031	148453	5.1217	3.2779
AAGG_AAGG	1.20593845014e-08	5.42672158099e-07	479	3094	15958	137526	13.4061	10.3972
AAAGNGAAA	5.61449424823e-08	2.47037448675e-06	317	3256	10020	143464	8.8721	6.5284
AAAGNNGGAA	1.06985340657e-07	4.60035931438e-06	233	3340	7005	146479	6.5211	4.564
AAGGNGAAA	1.42191970406e-06	5.97188867871e-05	211	3362	6461	147023	5.9054	4.2096
GGAANNNGAAA	2.61354087635e-06	0.000107149575033	254	3319	8113	145371	7.1089	5.2859
GGAANGGAA	7.84532744984e-06	0.000313765094415	203	3370	6347	147137	5.6815	4.1353
GAAANNGAAA	8.8805493626e-06	0.000346282993203	358	3215	12231	141253	10.0196	7.9689
AAGGNNNGGAA	9.67676532518e-06	0.000367651261229	162	3411	4874	148610	4.534	3.1756
GAAANAAGG	2.80616557548e-05	0.00103775698854	163	3410	5016	148468	4.562	3.2681
AAAG_AAGG	2.80838012845e-05	0.00103775698854	563	3010	20520	132964	15.7571	13.3695
GGAANNAAAG	4.70793613878e-05	0.00164645953386	237	3336	7833	145651	6.6331	5.1035
GAAA_AAGG	0.000117527847284	0.00398820753522	510	3063	18692	134792	14.2737	12.1785
GAAANGAAA	0.000122329804904	0.00402899224164	360	3213	12738	140746	10.0756	8.2992
GGAA_AAGG	0.000133421588082	0.00426067313284	467	3106	16997	136487	13.0702	11.0741
GAAANNNGAAA	0.000198423740925	0.00613286306526	299	3274	10433	143051	8.3683	6.7975
AAGGNNAAGG	0.000534773926216	0.0159194338017	178	3395	5922	147562	4.9818	3.8584
AAAGNNNAAGG	0.000555095903542	0.0159733025696	191	3382	6422	147062	5.3456	4.1841
GGAANNAAGG	0.00200328030022	0.0546008950836	181	3392	6229	147255	5.0658	4.0584
AAGGNAAGG	0.00333371447837	0.086215634666	180	3393	6272	147212	5.0378	4.0864
AAGG_GAAA	0.00398730511412	0.0986639945313	524	3049	20128	133356	14.6655	13.1141
AAAG_AAAG	0.009898217472	0.220176964494	756	2817	30032	123452	21.1587	19.5669
AAAGNAAGG	0.0190417364826	0.369605057876	218	3355	8115	145369	6.1013	5.2872
AAAGNNNAAAG	0.0220365974744	0.401009594601	285	3288	10860	142624	7.9765	7.0757
GGAANAAGG	0.0230025959909	0.401009594601	138	3435	4968	148516	3.8623	3.2368
GAAANNNAAGG	0.0258071620231	0.422511179957	193	3380	7182	146302	5.4016	4.6793
GGAANGAAA	0.0327956504097	0.486707618607	220	3353	8329	145155	6.1573	5.4266
GAAANNNAAAG	0.0378182070343	0.51928734184	307	3266	11917	141567	8.5922	7.7643
AAAGNNAAGG	0.0501656689193	0.604030686843	200	3373	7630	145854	5.5975	4.9712
AAAGNNAAAG	0.0554511889929	0.620846650994	289	3284	11301	142183	8.0884	7.363
AAGGNAAAG	0.0652579698888	0.66032128438	213	3360	8234	145250	5.9614	5.3647
GGAANNNAAGG	0.0664954755904	0.66032128438	184	3389	7056	146428	5.1497	4.5972
GAAA_AAAG	0.0798651680235	0.688168058251	757	2816	31025	122459	21.1867	20.2138
AAGGNNGGAA	0.123529001091	0.819869125759	199	3374	7861	145623	5.5695	5.1217
GGAANAAAG	0.137062442561	0.829488979659	201	3372	7980	145504	5.6255	5.1992
AAGGNNAAAG	0.165893230131	0.86403156249	184	3389	7344	146140	5.1497	4.7849
AAGGNNGAAA	0.229095236283	0.925867730907	192	3381	7805	145679	5.3736	5.0852
AAAGNAAAG	0.318966981671	0.968485275581	289	3284	12068	141416	8.0884	7.8627
GAAANNAAGG	0.417197460992	0.986690201489	184	3389	7769	145715	5.1497	5.0618
GAAANNAAAG	0.42963073813	0.986690201489	290	3283	12316	141168	8.1164	8.0243
AAGG_AAAG	0.591234031235	0.995335034972	535	3038	23179	130305	14.9734	15.1019
GAAANAAAG	0.717174083223	0.998190344039	263	3310	11675	141809	7.3608	7.6067
AAGGNNNGAAA	0.753769008368	0.998190344039	161	3412	7276	146208	4.506	4.7406
AAAGNNNGGAA	0.874808307512	0.998190344039	183	3390	8520	144964	5.1217	5.5511
AAAGNNNGAAA	0.924239486637	0.998190344039	271	3302	12636	140848	7.5847	8.2328
AAGGNNNAAAG	0.994184831675	0.998190344039	176	3397	9045	144439	4.9258	5.8931
