AAAGNGGAA	0.0	0.0	1563	6968	7759	145725	18.3214	5.0553
GGAA_GGAA	1.49185166824e-289	0.0	2156	6375	16519	136965	25.2725	10.7627
AAAG_GGAA	2.93809459708e-252	0.0	2470	6061	21819	131665	28.9532	14.2158
GAAA_GGAA	2.62786687099e-174	0.0	2208	6323	21388	132096	25.8821	13.935
GGAANNGGAA	2.89940621568e-173	0.0	947	7584	5748	147736	11.1007	3.745
GGAANNNGGAA	1.01095622425e-157	0.0	918	7613	5803	147681	10.7608	3.7809
GGAA	3.23343859706e-138	0.0	8529	2	147545	5939	99.9766	96.1305
GAAANNGGAA	5.43715642268e-137	0.0	1086	7445	8258	145226	12.73	5.3804
AAGG	3.24419382124e-98	0.0	8490	41	147135	6349	99.5194	95.8634
AAAG	3.02304499711e-65	0.0	8471	60	147992	5492	99.2967	96.4218
GAAANNNGGAA	1.07471441288e-64	0.0	819	7712	7631	145853	9.6003	4.9719
GGAA_AAGG	9.45868034484e-61	0.0	1470	7061	16997	136487	17.2313	11.0741
AAGG_GGAA	1.29274837472e-57	0.0	1455	7076	16999	136485	17.0554	11.0754
AAGG_AAGG	2.29307994713e-54	0.0	1369	7162	15958	137526	16.0474	10.3972
GAAA	6.24790014524e-48	0.0	8437	94	147820	5664	98.8981	96.3097
AAGGNGGAA	2.86180963294e-45	0.0	577	7954	5377	148107	6.7636	3.5033
GGAANNAAGG	7.34116844558e-38	0.0	613	7918	6229	147255	7.1856	4.0584
AAAGNNGGAA	1.34898177563e-25	0.0	613	7918	7005	146479	7.1856	4.564
AAGGNNNAAGG	6.16581531168e-24	0.0	466	8065	5031	148453	5.4624	3.2779
GGAANGGAA	2.29890508913e-23	0.0	556	7975	6347	147137	6.5174	4.1353
AAAGNNNAAGG	1.50631456296e-22	0.0	557	7974	6422	147062	6.5291	4.1841
AAGGNNAAGG	4.27309107163e-22	0.0	520	8011	5922	147562	6.0954	3.8584
AAGGNAAGG	2.80169600637e-21	0.0	540	7991	6272	147212	6.3299	4.0864
GGAA_GAAA	3.4539882225e-18	0.0	1566	6965	22770	130714	18.3566	14.8354
AAAG_AAGG	9.35950437722e-18	0.0	1425	7106	20520	132964	16.7038	13.3695
GGAANNNAAGG	1.5215925115e-17	0.0	572	7959	7056	146428	6.705	4.5972
GGAANAAGG	4.05342298365e-17	0.0	428	8103	4968	148516	5.017	3.2368
AAGGNNNGGAA	7.78141773858e-17	4.55191440096e-15	420	8111	4874	148610	4.9232	3.1756
GGAANNNGAAA	7.28938977511e-16	3.10862446895e-14	631	7900	8113	145371	7.3966	5.2859
GAAANGGAA	1.07233456862e-14	4.19997370216e-13	556	7975	7087	146397	6.5174	4.6174
AAGGNNGGAA	4.17616563858e-11	1.58694479779e-09	580	7951	7861	145623	6.7987	5.1217
GAAANAAGG	2.20510186685e-10	8.15887613026e-09	391	8140	5016	148468	4.5833	3.2681
GGAANGAAA	5.53887493467e-08	1.99399304435e-06	582	7949	8329	145155	6.8222	5.4266
GAAA_AAGG	6.27416459977e-07	2.19593418793e-05	1193	7338	18692	134792	13.9843	12.1785
AAGGNGAAA	1.95900194802e-06	6.66039133335e-05	451	8080	6461	147023	5.2866	4.2096
GGAANNNAAAG	2.16422511085e-05	0.000713947033527	516	8015	7703	145781	6.0485	5.0188
GGAA_AAAG	3.08608248184e-05	0.000987074154246	1354	7177	21922	131562	15.8715	14.2829
AAGGNAAAG	0.000438598071078	0.0135074670509	531	8000	8234	145250	6.2244	5.3647
AAAGNAAGG	0.00171025827778	0.0500554582274	515	8016	8115	145369	6.0368	5.2872
GGAANNAAAG	0.0041688373192	0.114098034821	492	8039	7833	145651	5.7672	5.1035
AAAGNNGAAA	0.00508787021093	0.133093377463	615	7916	9958	143526	7.209	6.488
AAAGNNAAGG	0.0150296428964	0.33560656308	470	8061	7630	145854	5.5093	4.9712
GAAANNAAGG	0.0214515470763	0.430962744352	475	8056	7769	145715	5.5679	5.0618
AAAGNNNGGAA	0.0254319172798	0.474824326096	517	8014	8520	144964	6.0603	5.5511
AAGGNNAAAG	0.0308752314687	0.528900505768	447	8084	7344	146140	5.2397	4.7849
AAGG_GAAA	0.0868600632589	0.876303116265	1163	7368	20128	133356	13.6326	13.1141
GGAANNGAAA	0.0916081282233	0.879215482249	486	8045	8220	145264	5.6969	5.3556
AAAGNAAAG	0.123027035664	0.93650927235	701	7830	12068	141416	8.2171	7.8627
GGAANAAAG	0.138825395502	0.949670306533	467	8064	7980	145504	5.4742	5.1992
AAGG_AAAG	0.238410172465	0.994341496911	1313	7218	23179	130305	15.3909	15.1019
GAAANNNAAGG	0.28526908882	0.997630993932	411	8120	7182	146302	4.8177	4.6793
AAAGNNAAAG	0.67960619433	0.99999999605	617	7914	11301	142183	7.2324	7.363
AAAGNGAAA	0.831156193239	1.0	535	7996	10020	143464	6.2712	6.5284
GAAANNNGAAA	0.836759218803	1.0	557	7974	10433	143051	6.5291	6.7975
AAAG_AAAG	0.854833733589	1.0	1630	6901	30032	123452	19.1068	19.5669
GAAANNNAAAG	0.864552708911	1.0	635	7896	11917	141567	7.4434	7.7643
AAGGNNGAAA	0.869332770241	1.0	411	8120	7805	145679	4.8177	5.0852
AAGGNNNGAAA	0.945028286724	1.0	373	8158	7276	146208	4.3723	4.7406
GAAANNGAAA	0.951522011469	1.0	638	7893	12231	141253	7.4786	7.9689
AAAGNNNAAAG	0.986483533197	1.0	551	7980	10860	142624	6.4588	7.0757
AAAG_GAAA	0.99800719481	1.0	1521	7010	29271	124213	17.8291	19.071
GAAA_GAAA	0.999313718363	1.0	1598	6933	30913	122571	18.7317	20.1409
GAAANGAAA	0.999717675823	1.0	620	7911	12738	140746	7.2676	8.2992
GAAANNAAAG	0.999789296066	1.0	596	7935	12316	141168	6.9863	8.0243
AAGGNNNAAAG	0.999863296877	1.0	424	8107	9045	144439	4.9701	5.8931
GAAA_AAAG	0.999980548057	1.0	1570	6961	31025	122459	18.4035	20.2138
GAAANAAAG	0.99998778339	1.0	546	7985	11675	141809	6.4002	7.6067
AAAGNNNGAAA	0.999999999404	1.0	543	7988	12636	140848	6.365	8.2328
