AAAGNGGAA	0.0	0.0	3573	13520	7759	145725	20.9033	5.0553
AAAG_GGAA	0.0	0.0	5215	11878	21819	131665	30.5096	14.2158
GAAANNGGAA	0.0	0.0	2634	14459	8258	145226	15.4098	5.3804
GAAA_GGAA	0.0	0.0	5067	12026	21388	132096	29.6437	13.935
GGAANNGAAA	0.0	0.0	3073	14020	8220	145264	17.9781	5.3556
GGAA_GAAA	0.0	0.0	5007	12086	22770	130714	29.2927	14.8354
GGAA_GGAA	0.0	0.0	4078	13015	16519	136965	23.8577	10.7627
GGAANNGGAA	6.2881489178e-273	0.0	1782	15311	5748	147736	10.4253	3.745
GGAANNNGGAA	2.12351031697e-235	0.0	1696	15397	5803	147681	9.9222	3.7809
GGAA	7.03452594974e-227	0.0	17063	30	147545	5939	99.8245	96.1305
GAAA	1.22667827908e-210	0.0	17060	33	147820	5664	99.8069	96.3097
AAAG	5.83268517032e-208	0.0	17064	29	147992	5492	99.8303	96.4218
AAGG	1.42349777847e-193	0.0	17016	77	147135	6349	99.5495	95.8634
GAAANNNGGAA	9.06319734106e-171	0.0	1818	15275	7631	145853	10.6359	4.9719
GGAANNNAAAG	5.17496024327e-166	0.0	1814	15279	7703	145781	10.6125	5.0188
GGAA_AAAG	3.082281722e-108	0.0	3573	13520	21922	131562	20.9033	14.2829
AAGGNGGAA	4.98569699532e-91	0.0	1185	15908	5377	148107	6.9327	3.5033
AAGG_GGAA	4.13038101139e-86	0.0	2801	14292	16999	136485	16.3868	11.0754
GGAA_AAGG	8.36289972936e-71	0.0	2709	14384	16997	136487	15.8486	11.0741
AAAGNNNAAGG	3.33894664525e-69	0.0	1255	15838	6422	147062	7.3422	4.1841
AAGG_AAGG	7.10732564357e-68	0.0	2555	14538	15958	137526	14.9476	10.3972
AAAG_AAGG	1.7382751144e-58	0.0	3077	14016	20520	132964	18.0015	13.3695
GAAANGGAA	1.73739695722e-56	0.0	1291	15802	7087	146397	7.5528	4.6174
AAAGNNGAAA	5.17846099068e-54	0.0	1674	15419	9958	143526	9.7935	6.488
GAAA_GAAA	2.35214376003e-52	0.0	4309	12784	30913	122571	25.2091	20.1409
GGAANGGAA	1.14661729462e-49	0.0	1152	15941	6347	147137	6.7396	4.1353
AAAGNNGGAA	1.7311933319e-45	0.0	1222	15871	7005	146479	7.1491	4.564
GGAANNNGAAA	3.96826809027e-45	0.0	1372	15721	8113	145371	8.0267	5.2859
AAAG_GAAA	5.14971669435e-37	0.0	3965	13128	29271	124213	23.1966	19.071
AAGGNGAAA	1.87756455278e-36	0.0	1096	15997	6461	147023	6.412	4.2096
GAAANGAAA	5.74849657744e-33	0.0	1895	15198	12738	140746	11.0864	8.2992
GAAA_AAGG	2.38757296796e-32	0.0	2634	14459	18692	134792	15.4098	12.1785
AAGG_GAAA	1.10501009304e-31	0.0	2804	14289	20128	133356	16.4044	13.1141
GGAANNNAAGG	9.35872028676e-31	0.0	1141	15952	7056	146428	6.6752	4.5972
GGAANAAGG	9.77746296132e-30	0.0	852	16241	4968	148516	4.9845	3.2368
AAAGNGAAA	1.77095025824e-28	0.0	1512	15581	10020	143464	8.8457	6.5284
AAGGNNAAGG	1.98682963574e-28	0.0	974	16119	5922	147562	5.6982	3.8584
AAGGNAAGG	8.20847225681e-28	0.0	1017	16076	6272	147212	5.9498	4.0864
AAGGNNNGGAA	3.5634969742e-26	0.0	818	16275	4874	148610	4.7856	3.1756
GGAANNAAAG	1.458704427e-25	0.0	1207	15886	7833	145651	7.0614	5.1035
AAGGNNNAAGG	2.32560613826e-24	0.0	828	16265	5031	148453	4.8441	3.2779
GAAA_AAAG	2.59529679473e-24	0.0	4027	13066	31025	122459	23.5594	20.2138
AAAG_AAAG	4.28057501292e-23	0.0	3894	13199	30032	123452	22.7813	19.5669
GAAANNNGAAA	5.27974275402e-21	0.0	1501	15592	10433	143051	8.7814	6.7975
GGAANNAAGG	6.79931417346e-21	0.0	963	16130	6229	147255	5.6339	4.0584
GAAANAAGG	9.96168680393e-21	0.0	802	16291	5016	148468	4.692	3.2681
AAAGNNAAAG	1.26558355278e-20	0.0	1606	15487	11301	142183	9.3957	7.363
GAAANNGAAA	1.16356499998e-17	0.0	1691	15402	12231	141253	9.8929	7.9689
GAAANNNAAAG	4.54071914037e-17	0.0	1646	15447	11917	141567	9.6297	7.7643
AAGGNAAAG	1.66187094341e-13	3.15780734894e-12	1153	15940	8234	145250	6.7455	5.3647
GGAANGAAA	8.96103008258e-13	1.61290980571e-11	1157	15936	8329	145155	6.7689	5.4266
AAAGNAAGG	1.527985079e-11	2.59758103915e-10	1117	15976	8115	145369	6.5348	5.2872
GAAANNNAAGG	2.67199999164e-10	4.27520063795e-09	988	16105	7182	146302	5.7801	4.6793
GAAANNAAGG	3.95055134573e-09	5.92582682923e-08	1046	16047	7769	145715	6.1195	5.0618
AAGGNNAAAG	3.61991731546e-08	5.06788304211e-07	982	16111	7344	146140	5.745	4.7849
AAGGNNGGAA	4.86847362567e-08	6.32901386299e-07	1043	16050	7861	145623	6.1019	5.1217
AAAGNAAAG	6.46585257773e-08	7.75902033179e-07	1545	15548	12068	141416	9.0388	7.8627
AAAGNNAAGG	4.27872406837e-07	4.70658640617e-06	1002	16091	7630	145854	5.862	4.9712
AAGGNNGAAA	6.95260110115e-07	6.95257934913e-06	1020	16073	7805	145679	5.9674	5.0852
GAAANNAAAG	7.74835317096e-06	6.97330172466e-05	1537	15556	12316	141168	8.992	8.0243
AAGG_AAAG	2.16112886256e-05	0.000172877232231	2786	14307	23179	130305	16.2991	15.1019
GAAANAAAG	3.00569538881e-05	0.000210379706337	1450	15643	11675	141809	8.483	7.6067
AAAGNNNAAAG	0.000609310616231	0.00365029932816	1326	15767	10860	142624	7.7576	7.0757
AAGGNNNGAAA	0.00111474645569	0.00556131952662	902	16191	7276	146208	5.277	4.7406
GGAANAAAG	0.0686489121023	0.247591479859	935	16158	7980	145504	5.4701	5.1992
AAAGNNNGGAA	0.182545299621	0.453750457653	978	16115	8520	144964	5.7216	5.5511
AAGGNNNAAAG	0.999893886728	0.99999998874	890	16203	9045	144439	5.2068	5.8931
AAAGNNNGAAA	0.999936531336	0.99999998874	1265	15828	12636	140848	7.4007	8.2328
