AAAGNGGAA	0.0	0.0	3381	15695	7759	145725	17.7238	5.0553
AAAG_GGAA	0.0	0.0	5274	13802	21819	131665	27.6473	14.2158
GAAA_GGAA	0.0	0.0	4852	14224	21388	132096	25.4351	13.935
GGAA_GGAA	0.0	0.0	4621	14455	16519	136965	24.2242	10.7627
GGAANNGGAA	3.2732353725e-315	0.0	2028	17048	5748	147736	10.6312	3.745
GGAA	8.10776263595e-301	0.0	19073	3	147545	5939	99.9843	96.1305
GGAANNNGGAA	9.99026188462e-285	0.0	1962	17114	5803	147681	10.2852	3.7809
GAAANNGGAA	2.91155762879e-249	0.0	2338	16738	8258	145226	12.2562	5.3804
AAGG	1.32426044629e-209	0.0	18985	91	147135	6349	99.523	95.8634
AAAG	5.42580417677e-128	0.0	18927	149	147992	5492	99.2189	96.4218
AAGG_GGAA	4.27417730988e-126	0.0	3297	15779	16999	136485	17.2835	11.0754
GAAANNNGGAA	5.20789170282e-123	0.0	1798	17278	7631	145853	9.4255	4.9719
GGAA_AAGG	2.80031897026e-107	0.0	3197	15879	16997	136487	16.7593	11.0741
AAGG_AAGG	1.59796775251e-97	0.0	2988	16088	15958	137526	15.6637	10.3972
GAAA	2.31752342865e-97	0.0	18860	216	147820	5664	98.8677	96.3097
AAGGNGGAA	4.97350909407e-94	0.0	1300	17776	5377	148107	6.8148	3.5033
GGAANNAAGG	3.87374092594e-62	0.0	1305	17771	6229	147255	6.8411	4.0584
AAGGNNNAAGG	1.18108200225e-46	0.0	1037	18039	5031	148453	5.4362	3.2779
AAAGNNNAAGG	3.52779860344e-43	0.0	1236	17840	6422	147062	6.4793	4.1841
GGAANGGAA	4.24680433902e-43	0.0	1224	17852	6347	147137	6.4164	4.1353
AAGGNNNGGAA	3.80140883151e-42	0.0	989	18087	4874	148610	5.1845	3.1756
AAAGNNGGAA	1.1415714897e-39	0.0	1304	17772	7005	146479	6.8358	4.564
GGAANAAGG	7.06706550361e-38	0.0	981	18095	4968	148516	5.1426	3.2368
AAGGNNAAGG	1.2955178063e-36	0.0	1121	17955	5922	147562	5.8765	3.8584
AAAG_AAGG	4.76046655585e-34	0.0	3176	15900	20520	132964	16.6492	13.3695
AAGGNAAGG	9.62339778868e-33	0.0	1150	17926	6272	147212	6.0285	4.0864
GAAANGGAA	4.73461496399e-29	0.0	1246	17830	7087	146397	6.5318	4.6174
GGAANNNAAGG	9.67147412651e-28	0.0	1232	17844	7056	146428	6.4584	4.5972
GGAA_GAAA	4.11633959261e-26	0.0	3393	15683	22770	130714	17.7867	14.8354
AAGGNNGGAA	3.86174765623e-20	0.0	1287	17789	7861	145623	6.7467	5.1217
GGAANNNGAAA	2.10289815217e-19	0.0	1316	17760	8113	145371	6.8987	5.2859
GGAA_AAAG	5.5480277175e-17	0.0	3160	15916	21922	131562	16.5653	14.2829
GAAA_AAGG	4.32052546799e-13	1.55555568426e-11	2674	16402	18692	134792	14.0176	12.1785
GGAANNAAAG	3.98158921498e-12	1.39355749162e-10	1203	17873	7833	145651	6.3064	5.1035
GGAANGAAA	5.96093085625e-12	2.02670547012e-10	1269	17807	8329	145155	6.6523	5.4266
GAAANAAGG	8.01626630868e-12	2.64536392791e-10	808	18268	5016	148468	4.2357	3.2681
AAGGNGAAA	1.56683130104e-11	5.01387376062e-10	1007	18069	6461	147023	5.2789	4.2096
GGAANNNAAAG	2.00156709937e-10	6.20485673952e-09	1165	17911	7703	145781	6.1072	5.0188
AAAGNAAGG	6.01021348949e-06	0.000180290692205	1156	17920	8115	145369	6.06	5.2872
AAAGNNGAAA	1.02285090672e-05	0.000296584290168	1395	17681	9958	143526	7.3129	6.488
AAAGNNAAGG	1.28297779639e-05	0.000359171569897	1086	17990	7630	145854	5.693	4.9712
GAAANNAAGG	0.000348694814865	0.00937220633999	1077	17999	7769	145715	5.6458	5.0618
AAGG_GAAA	0.000591902019016	0.0152761267305	2664	16412	20128	133356	13.9652	13.1141
AAGGNNAAAG	0.001061273923	0.0261966906223	1011	18065	7344	146140	5.2999	4.7849
GGAANNGAAA	0.00301645670196	0.0699383168361	1114	17962	8220	145264	5.8398	5.3556
AAGGNAAAG	0.00545670625712	0.118251062262	1109	17967	8234	145250	5.8136	5.3647
GAAANNNAAGG	0.00652031254815	0.134040014963	971	18105	7182	146302	5.0902	4.6793
GGAANAAAG	0.0244375019575	0.405219065577	1057	18019	7980	145504	5.541	5.1992
AAAGNNNGGAA	0.0931203873383	0.858422977393	1104	17972	8520	144964	5.7874	5.5511
AAAGNGAAA	0.28870063808	0.998454759924	1266	17810	10020	143464	6.6366	6.5284
AAGGNNGAAA	0.360520683486	0.999680201047	982	18094	7805	145679	5.1478	5.0852
AAAGNAAAG	0.374111323741	0.999680201047	1513	17563	12068	141416	7.9314	7.8627
AAAGNNAAAG	0.690728252534	0.999999992994	1386	17690	11301	142183	7.2657	7.363
AAGG_AAAG	0.879558282268	1.0	2820	16256	23179	130305	14.783	15.1019
AAAG_AAAG	0.94406867563	1.0	3641	15435	30032	123452	19.0868	19.5669
GAAANNNGAAA	0.949925731718	1.0	1237	17839	10433	143051	6.4846	6.7975
AAGGNNNGAAA	0.967395067359	1.0	848	18228	7276	146208	4.4454	4.7406
GAAANNNAAAG	0.990237607617	1.0	1391	17685	11917	141567	7.2919	7.7643
AAAGNNNAAAG	0.996836140098	1.0	1249	17827	10860	142624	6.5475	7.0757
AAAG_GAAA	0.997210855861	1.0	3480	15596	29271	124213	18.2428	19.071
GAAANNGAAA	0.997811732965	1.0	1409	17667	12231	141253	7.3862	7.9689
GAAANAAAG	0.999856753824	1.0	1313	17763	11675	141809	6.883	7.6067
GAAA_AAAG	0.999999973572	1.0	3540	15536	31025	122459	18.5573	20.2138
GAAA_GAAA	0.999999979326	1.0	3524	15552	30913	122571	18.4735	20.1409
GAAANGAAA	0.999999982617	1.0	1366	17710	12738	140746	7.1608	8.2992
GAAANNAAAG	0.999999994042	1.0	1310	17766	12316	141168	6.8673	8.0243
AAGGNNNAAAG	0.999999998252	1.0	926	18150	9045	144439	4.8543	5.8931
AAAGNNNGAAA	0.999999999677	1.0	1246	17830	12636	140848	6.5318	8.2328
