AAAGNGGAA	0.0	0.0	2445	6024	7759	145725	28.87	5.0553
AAAG_GGAA	0.0	0.0	3270	5199	21819	131665	38.6114	14.2158
GAAANNGGAA	0.0	0.0	1681	6788	8258	145226	19.8489	5.3804
GAAA_GGAA	0.0	0.0	3052	5417	21388	132096	36.0373	13.935
GGAA_GGAA	0.0	0.0	2366	6103	16519	136965	27.9372	10.7627
GGAANNGAAA	1.33923415906e-313	0.0	1468	7001	8220	145264	17.3338	5.3556
GGAA_GAAA	4.96364876609e-242	0.0	2498	5971	22770	130714	29.4958	14.8354
GGAANNGGAA	4.84421236503e-241	0.0	1080	7389	5748	147736	12.7524	3.745
GGAANNNGGAA	8.64968622388e-206	0.0	1016	7453	5803	147681	11.9967	3.7809
GAAANNNGGAA	1.49456983682e-170	0.0	1110	7359	7631	145853	13.1066	4.9719
GGAA	3.23198491013e-137	0.0	8467	2	147545	5939	99.9764	96.1305
AAGG	1.41336130786e-113	0.0	8444	25	147135	6349	99.7048	95.8634
GAAA	8.89270574683e-109	0.0	8453	16	147820	5664	99.8111	96.3097
AAAG	2.2492964199e-102	0.0	8451	18	147992	5492	99.7875	96.4218
GGAANNNAAAG	5.23272625477e-102	0.0	938	7531	7703	145781	11.0757	5.0188
AAGG_GGAA	5.77109665494e-80	0.0	1547	6922	16999	136485	18.2666	11.0754
AAGGNGGAA	6.09835821459e-78	0.0	677	7792	5377	148107	7.9939	3.5033
GGAA_AAAG	1.38733281144e-74	0.0	1854	6615	21922	131562	21.8916	14.2829
AAGG_AAGG	2.4008680532e-61	0.0	1394	7075	15958	137526	16.46	10.3972
AAAGNNNAAGG	1.90499306688e-60	0.0	707	7762	6422	147062	8.3481	4.1841
GGAA_AAGG	1.90380873115e-59	0.0	1455	7014	16997	136487	17.1803	11.0741
AAAG_AAGG	1.03608710778e-51	0.0	1647	6822	20520	132964	19.4474	13.3695
GAAANGGAA	4.92268638829e-47	0.0	709	7760	7087	146397	8.3717	4.6174
AAAGNNGAAA	1.59543533942e-40	0.0	886	7583	9958	143526	10.4617	6.488
AAAGNNGGAA	2.55973365899e-39	0.0	672	7797	7005	146479	7.9348	4.564
GGAANNNGAAA	4.0361466602e-38	0.0	746	7723	8113	145371	8.8086	5.2859
GGAANGGAA	2.47882796659e-37	0.0	616	7853	6347	147137	7.2736	4.1353
AAAG_GAAA	4.62152064122e-32	0.0	2066	6403	29271	124213	24.3949	19.071
GAAA_GAAA	2.76868473964e-31	0.0	2159	6310	30913	122571	25.493	20.1409
AAGGNAAGG	5.58887991797e-30	0.0	579	7890	6272	147212	6.8367	4.0864
AAGG_GAAA	5.0665710725e-29	0.0	1482	6987	20128	133356	17.4991	13.1141
AAGGNGAAA	1.37324227073e-28	0.0	586	7883	6461	147023	6.9194	4.2096
GGAANNNAAGG	5.12437069497e-26	0.0	615	7854	7056	146428	7.2618	4.5972
GGAANAAGG	1.53983825151e-25	0.0	466	8003	4968	148516	5.5024	3.2368
AAGGNNAAGG	6.57502018882e-23	0.0	521	7948	5922	147562	6.1518	3.8584
GGAANNAAAG	1.20131563496e-22	0.0	650	7819	7833	145651	7.6751	5.1035
GAAA_AAGG	1.25161386943e-22	0.0	1345	7124	18692	134792	15.8814	12.1785
AAGGNNNAAGG	1.41481972552e-22	0.0	457	8012	5031	148453	5.3962	3.2779
AAAGNGAAA	1.09948115002e-21	0.0	789	7680	10020	143464	9.3163	6.5284
AAGGNNNGGAA	4.44100745832e-20	0.0	434	8035	4874	148610	5.1246	3.1756
GGAANNAAGG	1.01056433165e-18	0.0	520	7949	6229	147255	6.14	4.0584
AAAG_AAAG	3.60012919635e-17	0.0	1978	6491	30032	123452	23.3558	19.5669
GAAA_AAAG	3.99474494762e-16	1.15463194561e-14	2025	6444	31025	122459	23.9107	20.2138
GAAANNNGAAA	1.28085395045e-15	3.33066907388e-14	774	7695	10433	143051	9.1392	6.7975
GAAANNGAAA	7.53134100935e-15	1.81188397619e-13	881	7588	12231	141253	10.4026	7.9689
AAAGNNAAAG	2.24198697148e-14	5.15809617241e-13	819	7650	11301	142183	9.6706	7.363
GAAANNNAAAG	3.40441797762e-14	7.49844630832e-13	856	7613	11917	141567	10.1075	7.7643
GAAANGAAA	5.89284418188e-14	1.23800969476e-12	905	7564	12738	140746	10.686	8.2992
GAAANAAGG	1.29409754744e-12	2.58815191501e-11	403	8066	5016	148468	4.7585	3.2681
AAGGNNGGAA	1.04907411105e-11	1.99323668681e-10	581	7888	7861	145623	6.8603	5.1217
GGAANGAAA	1.37424142502e-09	2.47363446393e-08	593	7876	8329	145155	7.002	5.4266
GAAANNNAAGG	1.26246121243e-08	2.1461838462e-07	513	7956	7182	146302	6.0574	4.6793
AAAGNNAAGG	1.6022231135e-08	2.56355666806e-07	540	7929	7630	145854	6.3762	4.9712
AAGGNNGAAA	1.99560347708e-08	2.99340480514e-07	550	7919	7805	145679	6.4943	5.0852
AAAGNAAGG	2.68362289054e-08	3.75707139177e-07	568	7901	8115	145369	6.7068	5.2872
AAGGNAAAG	3.72401339124e-08	4.84121632116e-07	574	7895	8234	145250	6.7777	5.3647
AAGGNNAAAG	4.68493519372e-08	5.62192078557e-07	518	7951	7344	146140	6.1164	4.7849
GAAANNAAGG	1.64430472353e-06	1.80872032536e-05	529	7940	7769	145715	6.2463	5.0618
AAAGNAAAG	9.3410027729e-06	9.34061013823e-05	778	7691	12068	141416	9.1864	7.8627
AAGG_AAAG	1.30165227401e-05	0.000117142605371	1424	7045	23179	130305	16.8143	15.1019
GAAANAAAG	0.000155096943144	0.00124010221231	737	7732	11675	141809	8.7023	7.6067
AAAGNNNAAAG	0.000767036668418	0.00535691721144	678	7791	10860	142624	8.0057	7.0757
AAGGNNNGAAA	0.00234095674418	0.0139637954104	460	8009	7276	146208	5.4316	4.7406
AAAGNNNGGAA	0.00308743663358	0.0153421543668	531	7938	8520	144964	6.2699	5.5511
GAAANNAAAG	0.00407350273281	0.0161947204823	749	7720	12316	141168	8.844	8.0243
GGAANAAAG	0.00931361060366	0.0276814096773	491	7978	7980	145504	5.7976	5.1992
AAAGNNNGAAA	0.866330717077	0.982132522803	669	7800	12636	140848	7.8994	8.2328
AAGGNNNAAAG	0.916689297761	0.982132522803	469	8000	9045	144439	5.5378	5.8931
