AAAGNGGAA	0.0	0.0	1940	7517	7759	145725	20.5139	5.0553
AAAG_GGAA	0.0	0.0	2867	6590	21819	131665	30.3162	14.2158
GAAA_GGAA	0.0	0.0	2881	6576	21388	132096	30.4642	13.935
GGAA_GGAA	0.0	0.0	2587	6870	16519	136965	27.3554	10.7627
GGAANNGGAA	1.04674298263e-273	0.0	1220	8237	5748	147736	12.9005	3.745
GAAANNGGAA	2.92107170276e-268	0.0	1483	7974	8258	145226	15.6815	5.3804
GGAANNNGGAA	1.20835774693e-193	0.0	1063	8394	5803	147681	11.2404	3.7809
GGAANNGAAA	7.18322455934e-160	0.0	1225	8232	8220	145264	12.9534	5.3556
GGAA	4.45704616614e-149	0.0	9453	4	147545	5939	99.9577	96.1305
GGAA_GAAA	5.36406273008e-145	0.0	2394	7063	22770	130714	25.3146	14.8354
AAGG	2.19692137777e-128	0.0	9431	26	147135	6349	99.7251	95.8634
GAAANNNGGAA	3.07857737423e-115	0.0	1048	8409	7631	145853	11.0817	4.9719
GAAA	7.9932079359e-102	0.0	9422	35	147820	5664	99.6299	96.3097
AAAG	1.16269585899e-101	0.0	9426	31	147992	5492	99.6722	96.4218
AAGG_GGAA	4.99842703578e-96	0.0	1759	7698	16999	136485	18.6	11.0754
AAGGNGGAA	4.7408783805e-84	0.0	750	8707	5377	148107	7.9306	3.5033
AAGG_AAGG	1.9093526832e-79	0.0	1609	7848	15958	137526	17.0139	10.3972
GGAA_AAGG	9.71726964296e-70	0.0	1644	7813	16997	136487	17.3839	11.0741
AAAGNNNAAGG	2.48232988236e-66	0.0	788	8669	6422	147062	8.3325	4.1841
GGAANNNAAAG	1.17965878289e-61	0.0	880	8577	7703	145781	9.3053	5.0188
AAAG_AAGG	2.06233753274e-54	0.0	1824	7633	20520	132964	19.2873	13.3695
GGAA_AAAG	2.98499387197e-51	0.0	1906	7551	21922	131562	20.1544	14.2829
GGAANGGAA	1.0858549914e-41	0.0	690	8767	6347	147137	7.2962	4.1353
GAAANGGAA	4.92341820475e-41	0.0	747	8710	7087	146397	7.8989	4.6174
AAGGNNAAGG	2.16542431684e-35	0.0	629	8828	5922	147562	6.6512	3.8584
GGAANNNGAAA	2.11576930166e-34	0.0	797	8660	8113	145371	8.4276	5.2859
AAAGNNGGAA	1.64775711193e-31	0.0	697	8760	7005	146479	7.3702	4.564
AAGGNAAGG	2.17530549833e-31	0.0	639	8818	6272	147212	6.7569	4.0864
GGAANAAGG	2.18063211158e-29	0.0	526	8931	4968	148516	5.562	3.2368
AAGGNNNAAGG	2.27181377943e-29	0.0	531	8926	5031	148453	5.6149	3.2779
GGAANNAAGG	6.72016513062e-28	0.0	619	8838	6229	147255	6.5454	4.0584
AAGGNNNGGAA	3.63231108924e-23	0.0	490	8967	4874	148610	5.1813	3.1756
AAAGNNGAAA	4.60758470102e-22	0.0	865	8592	9958	143526	9.1467	6.488
GGAANNNAAGG	7.96737650354e-22	0.0	650	8807	7056	146428	6.8732	4.5972
AAGGNNGGAA	5.1800200753e-18	0.0	686	8771	7861	145623	7.2539	5.1217
AAGG_GAAA	1.13927144304e-17	0.0	1537	7920	20128	133356	16.2525	13.1141
AAGGNGAAA	1.14672175526e-17	0.0	581	8876	6461	147023	6.1436	4.2096
GAAA_AAGG	7.99244290539e-16	2.40918396344e-14	1422	8035	18692	134792	15.0365	12.1785
GGAANNAAAG	3.05284685379e-15	8.99280649946e-14	665	8792	7833	145651	7.0318	5.1035
GAAA_GAAA	3.19648839727e-15	9.3369756371e-14	2225	7232	30913	122571	23.5275	20.1409
AAAG_GAAA	2.00834423641e-14	5.6266102888e-13	2108	7349	29271	124213	22.2904	19.071
AAAGNGAAA	4.63843968254e-14	1.25299770559e-12	811	8646	10020	143464	8.5757	6.5284
GAAANNGAAA	2.47610988066e-11	6.43788133914e-10	939	8518	12231	141253	9.9292	7.9689
AAAG_AAAG	3.97054888248e-11	9.9263652853e-10	2114	7343	30032	123452	22.3538	19.5669
GGAANGAAA	3.28714654515e-10	7.88915066607e-09	660	8797	8329	145155	6.979	5.4266
GAAANAAGG	5.23719840529e-09	1.20455557417e-07	417	9040	5016	148468	4.4094	3.2681
AAAGNNAAGG	1.25607468693e-08	2.763363951e-07	597	8860	7630	145854	6.3128	4.9712
GAAANNNAAGG	1.60755819858e-08	3.37587167221e-07	565	8892	7182	146302	5.9744	4.6793
AAAGNAAGG	5.59550865599e-08	1.11910113643e-06	624	8833	8115	145369	6.5983	5.2872
GAAANNNGAAA	4.46166144721e-07	8.47712270935e-06	771	8686	10433	143051	8.1527	6.7975
AAAGNNAAAG	4.5402446352e-07	8.47712270935e-06	829	8628	11301	142183	8.766	7.363
GAAANNNAAAG	2.6356876411e-06	4.48057451403e-05	860	8597	11917	141567	9.0938	7.7643
AAGGNNGAAA	3.20379361788e-06	5.12594661887e-05	584	8873	7805	145679	6.1753	5.0852
AAAGNAAAG	9.72101938536e-06	0.000145805368885	862	8595	12068	141416	9.1149	7.8627
AAGGNAAAG	1.00235105587e-05	0.000145805368885	607	8850	8234	145250	6.4185	5.3647
AAGGNNAAAG	1.83622613245e-05	0.000238683099523	544	8913	7344	146140	5.7524	4.7849
GAAA_AAAG	6.27229118351e-05	0.000752415341499	2068	7389	31025	122459	21.8674	20.2138
GAAANGAAA	0.000176255340867	0.00193710102569	886	8571	12738	140746	9.3687	8.2992
GAAANNAAGG	0.00219606552836	0.0217448996578	543	8914	7769	145715	5.7418	5.0618
GGAANAAAG	0.00412809615996	0.0365452557952	552	8905	7980	145504	5.8369	5.1992
AAAGNNNAAAG	0.0136857492747	0.10438271957	727	8730	10860	142624	7.6874	7.0757
AAAGNNNGGAA	0.0248960113945	0.161782873177	571	8886	8520	144964	6.0379	5.5511
AAGG_AAAG	0.0273808232804	0.161782873177	1498	7959	23179	130305	15.8401	15.1019
AAGGNNNGAAA	0.0310899206767	0.161782873177	489	8968	7276	146208	5.1708	4.7406
GAAANNAAAG	0.213266259491	0.61690092417	781	8676	12316	141168	8.2584	8.0243
GAAANAAAG	0.364241385758	0.743033351561	729	8728	11675	141809	7.7086	7.6067
AAGGNNNAAAG	0.999303243788	0.999999514531	484	8973	9045	144439	5.1179	5.8931
AAAGNNNGAAA	0.999751074292	0.999999514531	685	8772	12636	140848	7.2433	8.2328
