AAAGNGGAA	0.0	0.0	3820	18604	7759	145725	17.0353	5.0553
AAAG_GGAA	0.0	0.0	5972	16452	21819	131665	26.6322	14.2158
GAAANNGGAA	0.0	0.0	3032	19392	8258	145226	13.5212	5.3804
GAAA_GGAA	0.0	0.0	6074	16350	21388	132096	27.087	13.935
GGAANNGAAA	0.0	0.0	2933	19491	8220	145264	13.0797	5.3556
GGAANNGGAA	0.0	0.0	2472	19952	5748	147736	11.0239	3.745
GGAA_GGAA	0.0	0.0	5430	16994	16519	136965	24.2151	10.7627
GGAANNNGGAA	3.89711185682e-300	0.0	2237	20187	5803	147681	9.9759	3.7809
GGAA	5.46994542138e-299	0.0	22390	34	147545	5939	99.8484	96.1305
GGAA_GAAA	9.6017489202e-275	0.0	5519	16905	22770	130714	24.612	14.8354
AAGG	1.61224121271e-248	0.0	22323	101	147135	6349	99.5496	95.8634
AAAG	1.45371393194e-238	0.0	22361	63	147992	5492	99.7191	96.4218
GAAA	5.47676680134e-228	0.0	22341	83	147820	5664	99.6299	96.3097
GAAANNNGGAA	5.79424782097e-152	0.0	2157	20267	7631	145853	9.6192	4.9719
AAGG_GGAA	2.56882251876e-129	0.0	3793	18631	16999	136485	16.9149	11.0754
AAGGNGGAA	1.97474904711e-122	0.0	1585	20839	5377	148107	7.0683	3.5033
GGAANNNAAAG	7.13638957095e-107	0.0	1983	20441	7703	145781	8.8432	5.0188
GGAA_AAGG	1.48805373893e-105	0.0	3656	18768	16997	136487	16.304	11.0741
AAGG_AAGG	8.95338112007e-105	0.0	3471	18953	15958	137526	15.479	10.3972
AAAGNNNAAGG	2.60938721896e-84	0.0	1634	20790	6422	147062	7.2868	4.1841
GGAA_AAAG	1.31026708185e-83	0.0	4343	18081	21922	131562	19.3676	14.2829
AAAG_AAGG	1.29593253611e-71	0.0	4021	18403	20520	132964	17.9317	13.3695
GAAANGGAA	3.38930405723e-59	0.0	1630	20794	7087	146397	7.269	4.6174
GGAANGGAA	1.25522047664e-55	0.0	1475	20949	6347	147137	6.5778	4.1353
GGAANNNGAAA	6.79098222033e-48	0.0	1745	20679	8113	145371	7.7818	5.2859
AAAGNNGGAA	2.79979055671e-47	0.0	1545	20879	7005	146479	6.8899	4.564
AAGGNNNAAGG	2.29306707872e-46	0.0	1182	21242	5031	148453	5.2711	3.2779
GGAANNAAGG	1.18338965234e-43	0.0	1384	21040	6229	147255	6.172	4.0584
GGAANAAGG	3.14096294869e-43	0.0	1153	21271	4968	148516	5.1418	3.2368
AAGGNNAAGG	2.78430903293e-39	0.0	1302	21122	5922	147562	5.8063	3.8584
AAGGNAAGG	2.549556171e-38	0.0	1358	21066	6272	147212	6.056	4.0864
AAGGNNNGGAA	3.34164403732e-37	0.0	1101	21323	4874	148610	4.9099	3.1756
AAAGNNGAAA	4.34742037279e-37	0.0	1985	20439	9958	143526	8.8521	6.488
GGAANNNAAGG	1.79093566339e-31	0.0	1447	20977	7056	146428	6.4529	4.5972
GAAA_GAAA	6.90969989164e-30	0.0	5259	17165	30913	122571	23.4526	20.1409
AAGGNGAAA	2.51140750959e-28	0.0	1321	21103	6461	147023	5.891	4.2096
GAAA_AAGG	6.84461124845e-26	0.0	3297	19127	18692	134792	14.703	12.1785
AAGG_GAAA	5.2143799101e-24	0.0	3500	18924	20128	133356	15.6083	13.1141
AAAGNGAAA	1.14989639905e-22	0.0	1867	20557	10020	143464	8.3259	6.5284
GGAANNAAAG	1.15311323216e-22	0.0	1506	20918	7833	145651	6.716	5.1035
AAAG_GAAA	5.83467326584e-22	0.0	4891	17533	29271	124213	21.8115	19.071
GAAANAAGG	7.76146929538e-17	2.99760216649e-15	982	21442	5016	148468	4.3792	3.2681
GAAANGAAA	4.88518751854e-16	1.15463194561e-14	2228	20196	12738	140746	9.9358	8.2992
AAGGNNGGAA	6.01980249618e-16	1.38777878078e-14	1444	20980	7861	145623	6.4395	5.1217
GAAANNNGAAA	5.69721647823e-13	1.36743949497e-11	1821	20603	10433	143051	8.1208	6.7975
AAAGNAAGG	6.64832638878e-13	1.52904355843e-11	1450	20974	8115	145369	6.4663	5.2872
GGAANGAAA	6.29789969766e-12	1.38552724849e-10	1472	20952	8329	145155	6.5644	5.4266
AAAG_AAAG	7.64097133875e-12	1.60460977838e-10	4823	17601	30032	123452	21.5082	19.5669
AAAGNNAAAG	1.70162386611e-11	3.40325545523e-10	1937	20487	11301	142183	8.6381	7.363
GAAANNGAAA	7.31683960563e-11	1.39019884493e-09	2073	20351	12231	141253	9.2446	7.9689
AAGGNAAAG	2.18680823905e-09	3.93625484429e-08	1422	21002	8234	145250	6.3414	5.3647
GAAANNNAAGG	7.04510318867e-09	1.19766747075e-07	1248	21176	7182	146302	5.5655	4.6793
AAAGNNAAGG	8.25869022639e-09	1.32139034603e-07	1318	21106	7630	145854	5.8776	4.9712
GAAA_AAAG	8.78079806717e-09	1.32139034603e-07	4900	17524	31025	122459	21.8516	20.2138
GAAANNNAAAG	1.65839462764e-08	2.32175223602e-07	1984	20440	11917	141567	8.8477	7.7643
AAGGNNGAAA	3.60617094532e-07	4.68801208531e-06	1320	21104	7805	145679	5.8866	5.0852
GAAANNAAGG	3.79158766231e-07	4.68801208531e-06	1314	21110	7769	145715	5.8598	5.0618
AAGGNNAAAG	2.08274440292e-06	2.29099498535e-05	1235	21189	7344	146140	5.5075	4.7849
AAAGNAAAG	8.7882057099e-05	0.000878473105907	1928	20496	12068	141416	8.5979	7.8627
GGAANAAAG	0.00511016044575	0.045062473308	1259	21165	7980	145504	5.6145	5.1992
AAAGNNNAAAG	0.0203468289405	0.151642724369	1672	20752	10860	142624	7.4563	7.0757
AAGGNNNGAAA	0.0563303523414	0.333592454345	1118	21306	7276	146208	4.9857	4.7406
GAAANAAAG	0.0678030447162	0.343785109872	1770	20654	11675	141809	7.8933	7.6067
AAGG_AAAG	0.0746776649034	0.343785109872	3470	18954	23179	130305	15.4745	15.1019
GAAANNAAAG	0.103764385744	0.35480827155	1855	20569	12316	141168	8.2724	8.0243
AAAGNNNGGAA	0.426778827245	0.811649546612	1252	21172	8520	144964	5.5833	5.5511
AAGGNNNAAAG	0.999999992585	1.0	1114	21310	9045	144439	4.9679	5.8931
AAAGNNNGAAA	0.999999994316	1.0	1601	20823	12636	140848	7.1397	8.2328
