AAAGNGGAA	4.17797578008e-56	0.0	306	1869	7759	145725	14.069	5.0553
GGAA_GGAA	4.28249497885e-56	0.0	493	1682	16519	136965	22.6667	10.7627
AAAG_GGAA	4.54168146832e-43	0.0	555	1620	21819	131665	25.5172	14.2158
GAAA_GGAA	4.49292519127e-42	0.0	544	1631	21388	132096	25.0115	13.935
GGAA	8.53827519987e-36	0.0	2174	1	147545	5939	99.954	96.1305
GGAANNNGGAA	4.81571428385e-34	0.0	212	1963	5803	147681	9.7471	3.7809
GGAANNGGAA	1.0029294152e-33	0.0	210	1965	5748	147736	9.6552	3.745
AAGG	1.42889313642e-32	0.0	2170	5	147135	6349	99.7701	95.8634
GAAANNGGAA	5.0321629796e-31	0.0	258	1917	8258	145226	11.8621	5.3804
GGAA_GAAA	3.29386851945e-26	0.0	511	1664	22770	130714	23.4943	14.8354
GGAANNGAAA	1.28955818641e-24	0.0	239	1936	8220	145264	10.9885	5.3556
AAAG	1.03852338222e-20	0.0	2163	12	147992	5492	99.4483	96.4218
GGAA_AAGG	1.87364791531e-19	0.0	383	1792	16997	136487	17.6092	11.0741
GAAA	1.31623071369e-16	6.10622663544e-15	2156	19	147820	5664	99.1264	96.3097
GAAANNNGGAA	4.17293467183e-16	2.39808173319e-14	200	1975	7631	145853	9.1954	4.9719
AAGG_GGAA	4.51822788514e-13	2.39486208642e-11	353	1822	16999	136485	16.2299	11.0754
AAGGNGGAA	2.1401158513e-11	1.11285736182e-09	140	2035	5377	148107	6.4368	3.5033
GGAANNNAAAG	6.89074592937e-10	3.51428027789e-08	177	1998	7703	145781	8.1379	5.0188
AAGG_AAGG	7.16487173522e-10	3.58243594789e-08	318	1857	15958	137526	14.6207	10.3972
AAAGNNGGAA	8.61396421989e-10	4.22084226459e-08	164	2011	7005	146479	7.5402	4.564
GGAANNAAGG	7.03842563941e-09	3.37844373921e-07	146	2029	6229	147255	6.7126	4.0584
GGAA_AAAG	4.84651790687e-08	2.27786087825e-06	402	1773	21922	131562	18.4828	14.2829
GGAANNNAAGG	1.26487793887e-07	5.81842196057e-06	155	2020	7056	146428	7.1264	4.5972
AAGGNNNAAGG	3.2950186867e-07	1.48274766053e-05	117	2058	5031	148453	5.3793	3.2779
GAAA_AAGG	5.6120189634e-07	2.46925854986e-05	343	1832	18692	134792	15.7701	12.1785
AAAGNNGAAA	6.04931007764e-07	2.601170289e-05	201	1974	9958	143526	9.2414	6.488
GGAANAAGG	8.63693328236e-07	3.62744775145e-05	114	2061	4968	148516	5.2414	3.2368
GGAANGAAA	1.11875763587e-06	4.58680367581e-05	172	2003	8329	145155	7.908	5.4266
GGAANNAAAG	2.1353479698e-06	8.54103623128e-05	162	2013	7833	145651	7.4483	5.1035
GAAANGGAA	2.37976188211e-06	9.28065170449e-05	149	2026	7087	146397	6.8506	4.6174
GGAANNNGAAA	4.30430247338e-06	0.000163550470164	165	2010	8113	145371	7.5862	5.2859
AAAG_AAGG	2.49523352349e-05	0.000922821860103	358	1817	20520	132964	16.4598	13.3695
AAGGNAAGG	2.97889511349e-05	0.00107184337913	129	2046	6272	147212	5.931	4.0864
AAGGNNNGGAA	4.56406956079e-05	0.00159618553981	104	2071	4874	148610	4.7816	3.1756
GAAANAAGG	8.52136787365e-05	0.00289319514815	105	2070	5016	148468	4.8276	3.2681
AAGGNGAAA	0.000149396263856	0.0049183103188	128	2047	6461	147023	5.8851	4.2096
GGAANGGAA	0.000223264896967	0.00711980759595	125	2050	6347	147137	5.7471	4.1353
AAAGNNNAAGG	0.000243892468051	0.00753307176578	126	2049	6422	147062	5.7931	4.1841
GAAANNAAGG	0.000491595388203	0.0146432176642	146	2029	7769	145715	6.7126	5.0618
GAAA_GAAA	0.000550331397655	0.0158372543464	501	1674	30913	122571	23.0345	20.1409
AAGG_GAAA	0.000779683939078	0.0216029066362	337	1838	20128	133356	15.4943	13.1141
AAGGNNGGAA	0.000779812031609	0.0216029066362	146	2029	7861	145623	6.7126	5.1217
GAAANNNGAAA	0.00575944312638	0.139445568463	179	1996	10433	143051	8.2299	6.7975
GAAA_AAAG	0.00606381261322	0.141060512409	488	1687	31025	122459	22.4368	20.2138
GAAANNNAAGG	0.0100701232776	0.215656391844	126	2049	7182	146302	5.7931	4.6793
GAAANNNAAAG	0.0105106745548	0.21574804726	199	1976	11917	141567	9.1494	7.7643
GAAANAAAG	0.0111684003337	0.218927398938	195	1980	11675	141809	8.9655	7.6067
AAAGNAAAG	0.0135797900913	0.24958554211	200	1975	12068	141416	9.1954	7.8627
AAGGNNAAGG	0.0136186559179	0.24958554211	105	2070	5922	147562	4.8276	3.8584
AAAGNAAGG	0.0182155025434	0.294808231183	138	2037	8115	145369	6.3448	5.2872
AAAG_GAAA	0.0274668226114	0.394269186101	451	1724	29271	124213	20.7356	19.071
AAGGNAAAG	0.0330295590509	0.435031318489	137	2038	8234	145250	6.2989	5.3647
AAGGNNNGAAA	0.0353501121647	0.437768090658	122	2053	7276	146208	5.6092	4.7406
AAAGNNAAGG	0.0385523508073	0.445521605452	127	2048	7630	145854	5.8391	4.9712
GAAANGAAA	0.039947598343	0.445521605452	204	1971	12738	140746	9.3793	8.2992
GAAANNGAAA	0.0426345215784	0.445521605452	196	1979	12231	141253	9.0115	7.9689
AAAG_AAAG	0.0679525851352	0.57021022933	454	1721	30032	123452	20.8736	19.5669
AAAGNNAAAG	0.0928066805965	0.65747026588	177	1998	11301	142183	8.1379	7.363
AAAGNNNGGAA	0.158664363346	0.822297782127	132	2043	8520	144964	6.069	5.5511
AAGGNNAAAG	0.199289045535	0.864704942714	113	2062	7344	146140	5.1954	4.7849
AAAGNGAAA	0.377196329213	0.977363498393	146	2029	10020	143464	6.7126	6.5284
AAGGNNGAAA	0.460022365685	0.986614629304	112	2063	7805	145679	5.1494	5.0852
GAAANNAAAG	0.49679003652	0.986614629304	175	2000	12316	141168	8.046	8.0243
GGAANAAAG	0.516962609908	0.986614629304	113	2062	7980	145504	5.1954	5.1992
AAGG_AAAG	0.636548023966	0.986614629304	323	1852	23179	130305	14.8506	15.1019
AAAGNNNAAAG	0.69962662517	0.986614629304	148	2027	10860	142624	6.8046	7.0757
AAAGNNNGAAA	0.937213556324	0.99605786249	160	2015	12636	140848	7.3563	8.2328
AAGGNNNAAAG	0.997276686282	0.997276686282	99	2076	9045	144439	4.5517	5.8931
