AAAGNGGAA	1.0410970543e-272	0.0	2641	20273	7759	145725	11.5257	5.0553
AAAG	3.8641746074e-258	0.0	22863	51	147992	5492	99.7774	96.4218
GAAA	2.35076203814e-249	0.0	22846	68	147820	5664	99.7032	96.3097
GGAA	2.94179174022e-212	0.0	22789	125	147545	5939	99.4545	96.1305
AAGG	8.09701149976e-151	0.0	22666	248	147135	6349	98.9177	95.8634
AAAG_GGAA	1.21608294494e-129	0.0	4715	18199	21819	131665	20.5769	14.2158
GAAA_GGAA	3.81940802927e-129	0.0	4637	18277	21388	132096	20.2365	13.935
GGAA_GGAA	7.74990994355e-97	0.0	3586	19328	16519	136965	15.6498	10.7627
GAAANNGGAA	2.86955838714e-87	0.0	2030	20884	8258	145226	8.8592	5.3804
GGAANNNGGAA	5.83264856824e-62	0.0	1433	21481	5803	147681	6.2538	3.7809
GGAANNGGAA	4.28915703381e-57	0.0	1397	21517	5748	147736	6.0967	3.745
GAAANNNGGAA	3.62620857543e-41	0.0	1646	21268	7631	145853	7.1834	4.9719
AAAG_GAAA	2.35055206887e-26	0.0	5058	17856	29271	124213	22.0738	19.071
GGAA_GAAA	2.19468683655e-24	0.0	3999	18915	22770	130714	17.4522	14.8354
AAAGNNGAAA	1.01488458028e-22	0.0	1894	21020	9958	143526	8.2657	6.488
GAAANGGAA	6.36510673307e-20	0.0	1383	21531	7087	146397	6.0356	4.6174
AAAG_AAAG	1.86329035858e-18	0.0	5053	17861	30032	123452	22.052	19.5669
AAAGNGAAA	7.41534890532e-16	3.96349619791e-14	1828	21086	10020	143464	7.9777	6.5284
GAAA_GAAA	1.18152010733e-15	6.10622663544e-14	5139	17775	30913	122571	22.4273	20.1409
GGAANNGAAA	2.15739744517e-15	1.03361763593e-13	1526	21388	8220	145264	6.6597	5.3556
GGAANNNAAAG	2.60669199162e-14	1.25233157178e-12	1428	21486	7703	145781	6.232	5.0188
GAAA_AAAG	7.23708419869e-13	3.40164563184e-11	5100	17814	31025	122459	22.2571	20.2138
AAAGNNNAAGG	3.67068683148e-12	1.68853597771e-10	1191	21723	6422	147062	5.1977	4.1841
GAAANNNGAAA	4.68879064198e-12	2.10996220495e-10	1845	21069	10433	143051	8.0518	6.7975
AAAG_AAGG	9.24186311536e-12	4.06640499051e-10	3442	19472	20520	132964	15.0214	13.3695
AAAGNAAAG	1.58883254767e-11	6.83196499374e-10	2100	20814	12068	141416	9.1647	7.8627
AAGGNGAAA	2.80872429951e-11	1.17966236779e-09	1187	21727	6461	147023	5.1802	4.2096
GGAA_AAAG	3.97509134109e-10	1.62978744944e-08	3628	19286	21922	131562	15.8331	14.2829
GAAANNNAAAG	8.79213230705e-09	3.51685233935e-07	2030	20884	11917	141567	8.8592	7.7643
AAGGNGGAA	1.17824440102e-08	4.5951521388e-07	976	21938	5377	148107	4.2594	3.5033
AAAGNNGGAA	8.10355983207e-08	3.0793481206e-06	1229	21685	7005	146479	5.3635	4.564
GAAANAAGG	1.60226425831e-07	5.92836065649e-06	902	22012	5016	148468	3.9365	3.2681
AAGG_AAGG	2.06424813228e-07	7.43126643177e-06	2638	20276	15958	137526	11.5126	10.3972
GGAANGGAA	3.08159199966e-07	1.07855154955e-05	1114	21800	6347	147137	4.8617	4.1353
AAGGNNNGGAA	8.34975960768e-07	2.83887915505e-05	869	22045	4874	148610	3.7924	3.1756
GAAA_AAGG	9.11435624983e-07	3.00769370107e-05	3048	19866	18692	134792	13.3019	12.1785
GGAANGAAA	1.13382007778e-06	3.62816048659e-05	1422	21492	8329	145155	6.2058	5.4266
AAAGNNAAAG	1.78137757223e-06	5.52212291772e-05	1888	21026	11301	142183	8.2395	7.363
GGAANNNGAAA	2.04678298141e-06	6.14016671234e-05	1383	21531	8113	145371	6.0356	5.2859
AAGG_GAAA	2.0689181329e-06	6.14016671234e-05	3261	19653	20128	133356	14.2315	13.1141
GAAANNGAAA	6.18078992201e-06	0.000173047678171	2022	20892	12231	141253	8.8243	7.9689
AAGG_GGAA	6.79842857896e-06	0.000183541349812	2763	20151	16999	136485	12.0581	11.0754
AAAGNNNAAAG	8.63777153694e-06	0.000224557813029	1804	21110	10860	142624	7.8729	7.0757
GGAANNAAAG	1.54709168848e-05	0.000386701125855	1322	21592	7833	145651	5.7694	5.1035
AAGGNNAAGG	0.000106721777373	0.00255818160334	1003	21911	5922	147562	4.3772	3.8584
GGAA_AAGG	0.000132060318286	0.00303297909501	2726	20188	16997	136487	11.8967	11.0741
GAAANGAAA	0.000297249501412	0.00651911889234	2058	20856	12738	140746	8.9814	8.2992
GAAANNNAAGG	0.00165838902545	0.0342546372636	1175	21739	7182	146302	5.1279	4.6793
GGAANNAAGG	0.00168028269072	0.0342546372636	1026	21888	6229	147255	4.4776	4.0584
GAAANAAAG	0.0032225975321	0.05948551066	1862	21052	11675	141809	8.126	7.6067
AAGGNAAAG	0.00507170597996	0.0874596662892	1325	21589	8234	145250	5.7825	5.3647
AAAGNNAAGG	0.00668017104657	0.107692000749	1228	21686	7630	145854	5.3592	4.9712
AAGGNNNAAGG	0.00901297449434	0.134857800443	821	22093	5031	148453	3.583	3.2779
AAAGNAAGG	0.0119218004426	0.164647531515	1295	21619	8115	145369	5.6516	5.2872
AAGGNAAGG	0.0143911838747	0.183673089267	1008	21906	6272	147212	4.3991	4.0864
GGAANAAGG	0.0199381335361	0.230346252198	802	22112	4968	148516	3.5	3.2368
GAAANNAAAG	0.0204895656615	0.230346252198	1930	20984	12316	141168	8.4228	8.0243
GGAANNNAAGG	0.10376875762	0.700345453414	1097	21817	7056	146428	4.7875	4.5972
AAGGNNNGAAA	0.128738429531	0.747950647369	1126	21788	7276	146208	4.914	4.7406
AAAGNNNGAAA	0.342823451645	0.977136721141	1905	21009	12636	140848	8.3137	8.2328
AAGGNNGAAA	0.474008791658	0.994140940859	1168	21746	7805	145679	5.0973	5.0852
GAAANNAAGG	0.492152881623	0.994140940859	1161	21753	7769	145715	5.0668	5.0618
AAGGNNAAAG	0.893588767298	0.99999854814	1054	21860	7344	146140	4.5998	4.7849
GGAANAAAG	0.913802741728	0.99999854814	1143	21771	7980	145504	4.9882	5.1992
AAAGNNNGGAA	0.972199865389	0.999999402707	1202	21712	8520	144964	5.2457	5.5511
AAGGNNGGAA	0.977659471694	0.999999402707	1103	21811	7861	145623	4.8137	5.1217
AAGG_AAAG	0.999884593555	0.999999986681	3249	19665	23179	130305	14.1791	15.1019
AAGGNNNAAAG	1.0	1.0	1064	21850	9045	144439	4.6434	5.8931
