AAAGNGGAA	4.21910132439e-134	0.0	919	6237	7759	145725	12.8424	5.0553
GGAA_GGAA	6.61835299154e-122	0.0	1471	5685	16519	136965	20.5562	10.7627
GGAA	3.67452214877e-112	0.0	7152	4	147545	5939	99.9441	96.1305
AAAG_GGAA	1.76145907413e-97	0.0	1702	5454	21819	131665	23.7842	14.2158
GAAA_GGAA	1.13372574586e-96	0.0	1674	5482	21388	132096	23.393	13.935
AAGG	2.16337764156e-84	0.0	7123	33	147135	6349	99.5388	95.8634
GGAANNGGAA	1.48194912576e-77	0.0	628	6528	5748	147736	8.7759	3.745
GGAANNNGGAA	2.60960024216e-74	0.0	623	6533	5803	147681	8.706	3.7809
GAAANNGGAA	1.81432389985e-72	0.0	785	6371	8258	145226	10.9698	5.3804
GGAANNGAAA	1.46237146992e-68	0.0	770	6386	8220	145264	10.7602	5.3556
GGAA_GAAA	1.1388481884e-61	0.0	1603	5553	22770	130714	22.4008	14.8354
GAAA	2.19805408283e-58	0.0	7106	50	147820	5664	99.3013	96.3097
AAAG	2.99270463828e-56	0.0	7107	49	147992	5492	99.3153	96.4218
GGAA_AAGG	3.58877700876e-37	0.0	1159	5997	16997	136487	16.1962	11.0741
AAGG_GGAA	1.56343769538e-35	0.0	1150	6006	16999	136485	16.0704	11.0754
GAAANNNGGAA	3.07945445353e-32	0.0	599	6557	7631	145853	8.3706	4.9719
AAGGNGGAA	4.6809641505e-30	0.0	452	6704	5377	148107	6.3164	3.5033
GGAANNNAAAG	2.06065930524e-24	0.0	567	6589	7703	145781	7.9234	5.0188
AAGG_AAGG	2.65328233702e-22	0.0	1012	6144	15958	137526	14.142	10.3972
GGAA_AAAG	1.5961052657e-21	0.0	1320	5836	21922	131562	18.4461	14.2829
AAAGNNGGAA	2.72265343834e-18	0.0	495	6661	7005	146479	6.9173	4.564
GGAANNNAAGG	1.14923924806e-15	5.21804821574e-14	483	6673	7056	146428	6.7496	4.5972
AAGGNNNAAGG	1.33477036048e-15	6.12843109593e-14	367	6789	5031	148453	5.1286	3.2779
AAGGNNNGGAA	1.95658661175e-15	8.99280649946e-14	357	6799	4874	148610	4.9888	3.1756
AAAG_AAGG	2.87280905102e-15	1.27009514017e-13	1195	5961	20520	132964	16.6993	13.3695
GAAANGGAA	1.51704505282e-14	6.54032383807e-13	478	6678	7087	146397	6.6797	4.6174
GGAANNAAGG	4.66288605957e-14	1.95843341544e-12	427	6729	6229	147255	5.967	4.0584
AAAGNNNAAGG	6.45598617e-14	2.64921418136e-12	437	6719	6422	147062	6.1068	4.1841
GGAANNNGAAA	1.17291434e-13	4.68958205602e-12	529	6627	8113	145371	7.3924	5.2859
GGAANAAGG	6.34503858258e-13	2.47452058844e-11	349	6807	4968	148516	4.877	3.2368
GGAANNAAAG	1.14650839617e-12	4.35680380662e-11	507	6649	7833	145651	7.085	5.1035
GGAANGGAA	4.23083313261e-11	1.56541002383e-09	415	6741	6347	147137	5.7993	4.1353
AAGGNGAAA	9.10137955461e-11	3.27649507526e-09	419	6737	6461	147023	5.8552	4.2096
GAAA_AAGG	3.90034818633e-10	1.36512172677e-08	1051	6105	18692	134792	14.687	12.1785
AAAGNNGAAA	1.7304723572e-09	5.88360572484e-08	596	6560	9958	143526	8.3287	6.488
AAGGNAAGG	1.87972625113e-08	6.20309476784e-07	392	6764	6272	147212	5.4779	4.0864
GAAANAAGG	2.33369453856e-07	7.4677955112e-06	316	6840	5016	148468	4.4159	3.2681
GGAANGAAA	1.41734172853e-06	4.39366594787e-05	484	6672	8329	145155	6.7636	5.4266
AAGGNNGGAA	3.38445300035e-06	0.000101528607449	456	6700	7861	145623	6.3723	5.1217
AAGGNNAAGG	4.19964835864e-06	0.00012178264203	354	6802	5922	147562	4.9469	3.8584
AAAGNAAGG	1.61281170928e-05	0.00045148896843	462	6694	8115	145369	6.4561	5.2872
GAAANNAAGG	1.6982271451e-05	0.000458420115963	444	6712	7769	145715	6.2046	5.0618
AAGG_GAAA	8.01310155413e-05	0.00208132092282	1051	6105	20128	133356	14.687	13.1141
GAAA_GAAA	0.000371646938892	0.00924985486174	1560	5596	30913	122571	21.7999	20.1409
AAAGNNAAAG	0.00165439896897	0.0389592392288	595	6561	11301	142183	8.3147	7.363
AAAGNNAAGG	0.00220089635928	0.0494137728545	411	6745	7630	145854	5.7434	4.9712
AAAG_AAAG	0.00294715946359	0.0628699755108	1496	5660	30032	123452	20.9055	19.5669
GAAANNGAAA	0.00393482660384	0.0794595690261	634	6522	12231	141253	8.8597	7.9689
AAAG_GAAA	0.00564703289901	0.107082201607	1452	5704	29271	124213	20.2907	19.071
AAAGNGAAA	0.00702924441977	0.125433770226	521	6635	10020	143464	7.2806	6.5284
GAAANNNAAGG	0.00713258467834	0.125433770226	381	6775	7182	146302	5.3242	4.6793
GAAANGAAA	0.00770953292473	0.125433770226	653	6503	12738	140746	9.1252	8.2992
GAAANAAAG	0.00788534476813	0.125433770226	601	6555	11675	141809	8.3985	7.6067
GAAANNNAAAG	0.00967662751459	0.13571806929	611	6545	11917	141567	8.5383	7.7643
GAAA_AAAG	0.0110791694396	0.144418571426	1527	5629	31025	122459	21.3387	20.2138
AAAGNNNGGAA	0.0177302157477	0.207498298881	440	6716	8520	144964	6.1487	5.5511
AAGGNAAAG	0.0355522471798	0.352343891278	420	6736	8234	145250	5.8692	5.3647
GAAANNNGAAA	0.0416697534598	0.373866198108	525	6631	10433	143051	7.3365	6.7975
AAGGNNAAAG	0.127756471092	0.745095465371	364	6792	7344	146140	5.0866	4.7849
AAAGNAAAG	0.174434337344	0.821858710632	585	6571	12068	141416	8.175	7.8627
AAAGNNNAAAG	0.232740720096	0.879901606254	523	6633	10860	142624	7.3086	7.0757
AAGGNNNGAAA	0.251587651109	0.879901606254	352	6804	7276	146208	4.9189	4.7406
AAGGNNGAAA	0.382038103582	0.944310901996	370	6786	7805	145679	5.1705	5.0852
GGAANAAAG	0.46763367096	0.957238503293	374	6782	7980	145504	5.2264	5.1992
GAAANNAAAG	0.786866344441	0.9979364826	556	6600	12316	141168	7.7697	8.0243
AAGG_AAAG	0.850940780241	0.9979364826	1049	6107	23179	130305	14.659	15.1019
AAGGNNNAAAG	0.998941614076	0.999998879819	361	6795	9045	144439	5.0447	5.8931
AAAGNNNGAAA	0.999919102019	0.999998879819	502	6654	12636	140848	7.0151	8.2328
