AAAGNGGAA	0.0	0.0	1849	4913	7759	145725	27.344	5.0553
AAAG_GGAA	0.0	0.0	2480	4282	21819	131665	36.6755	14.2158
GAAA_GGAA	7.28604403312e-315	0.0	2205	4557	21388	132096	32.6087	13.935
GAAANNGGAA	3.21896931017e-263	0.0	1191	5571	8258	145226	17.6131	5.3804
GGAA_GGAA	1.03393547194e-187	0.0	1596	5166	16519	136965	23.6025	10.7627
GGAANNGGAA	2.0013847567e-120	0.0	708	6054	5748	147736	10.4703	3.745
GGAANNNGGAA	1.13821459185e-114	0.0	699	6063	5803	147681	10.3372	3.7809
GAAANNNGGAA	2.11157052089e-105	0.0	805	5957	7631	145853	11.9048	4.9719
GGAA	1.77525607512e-96	0.0	6752	10	147545	5939	99.8521	96.1305
GGAANNGAAA	1.81097013739e-94	0.0	815	5947	8220	145264	12.0526	5.3556
GAAA	9.97993546291e-84	0.0	6746	16	147820	5664	99.7634	96.3097
AAAG	5.41028212584e-83	0.0	6748	14	147992	5492	99.793	96.4218
AAGG	4.39155215787e-81	0.0	6732	30	147135	6349	99.5563	95.8634
GGAA_GAAA	1.42743065659e-78	0.0	1604	5158	22770	130714	23.7208	14.8354
GGAANNNAAAG	7.20506724842e-39	0.0	604	6158	7703	145781	8.9323	5.0188
AAGGNGGAA	3.69793589331e-31	0.0	437	6325	5377	148107	6.4626	3.5033
AAAGNNNAAGG	1.4416712972e-28	0.0	488	6274	6422	147062	7.2168	4.1841
GGAA_AAAG	3.22825733914e-28	0.0	1303	5459	21922	131562	19.2694	14.2829
AAAG_AAGG	1.22961323982e-27	0.0	1229	5533	20520	132964	18.1751	13.3695
AAGG_GGAA	2.12824305642e-26	0.0	1043	5719	16999	136485	15.4244	11.0754
AAGG_AAGG	2.83122413931e-26	0.0	989	5773	15958	137526	14.6259	10.3972
GGAA_AAGG	6.22470376321e-24	0.0	1027	5735	16997	136487	15.1878	11.0741
GAAANGGAA	1.95137984857e-20	0.0	488	6274	7087	146397	7.2168	4.6174
AAAGNNGGAA	4.97901921582e-18	0.0	471	6291	7005	146479	6.9654	4.564
AAAGNNGAAA	1.74696946341e-16	9.7699626167e-15	618	6144	9958	143526	9.1393	6.488
AAGGNNAAGG	3.53294603753e-15	1.52766688188e-13	397	6365	5922	147562	5.871	3.8584
GGAANGGAA	1.16819824594e-14	4.8960835386e-13	417	6345	6347	147137	6.1668	4.1353
GGAANNNGAAA	1.34805172324e-14	5.50781642517e-13	510	6252	8113	145371	7.5421	5.2859
AAAG_GAAA	3.68158506098e-14	1.4743761767e-12	1543	5219	29271	124213	22.8187	19.071
AAGGNGAAA	5.96523984978e-14	2.32514008047e-12	419	6343	6461	147023	6.1964	4.2096
GAAA_GAAA	6.01026480373e-14	2.32514008047e-12	1618	5144	30913	122571	23.9278	20.1409
AAGG_GAAA	1.1588954538e-13	4.28856949952e-12	1102	5660	20128	133356	16.297	13.1141
GAAA_AAGG	4.5318184966e-13	1.63149493915e-11	1027	5735	18692	134792	15.1878	12.1785
GGAANNAAGG	1.32783160715e-10	4.6474091242e-09	386	6376	6229	147255	5.7084	4.0584
GGAANNAAAG	7.5573024033e-10	2.56948283761e-08	463	6299	7833	145651	6.8471	5.1035
GGAANAAGG	7.87625199423e-10	2.59916308476e-08	315	6447	4968	148516	4.6584	3.2368
AAGGNNNAAGG	1.82643479948e-09	5.84459113329e-08	316	6446	5031	148453	4.6732	3.2779
AAGGNAAGG	4.05440986419e-09	1.25686699826e-07	378	6384	6272	147212	5.5901	4.0864
AAGGNNNGGAA	4.91413045231e-09	1.4742390253e-07	305	6457	4874	148610	4.5105	3.1756
GAAANAAGG	5.70877381537e-09	1.65554426612e-07	312	6450	5016	148468	4.614	3.2681
GAAANGAAA	2.14676423911e-08	6.01093814168e-07	693	6069	12738	140746	10.2484	8.2992
GAAA_AAAG	2.64561221652e-08	7.14315053219e-07	1554	5208	31025	122459	22.9814	20.2138
GGAANNNAAGG	5.81132325856e-08	1.51094294898e-06	409	6353	7056	146428	6.0485	4.5972
AAAGNGAAA	9.79093057974e-08	2.44772976843e-06	554	6208	10020	143464	8.1928	6.5284
GAAANNNGAAA	1.64779111147e-07	3.9546911732e-06	572	6190	10433	143051	8.459	6.7975
AAAGNAAGG	4.60084452221e-07	1.05818888464e-05	454	6308	8115	145369	6.714	5.2872
AAAG_AAAG	3.26956150731e-06	7.19278838173e-05	1476	5286	30032	123452	21.8279	19.5669
GGAANGAAA	4.46151111317e-06	9.36875534286e-05	455	6307	8329	145155	6.7288	5.4266
GAAANNGAAA	2.08641119071e-05	0.000417199539375	635	6127	12231	141253	9.3907	7.9689
GAAANNNAAAG	5.15169356128e-05	0.000978368076017	615	6147	11917	141567	9.0949	7.7643
AAAGNAAAG	6.28204763044e-05	0.00113016497466	621	6141	12068	141416	9.1837	7.8627
AAGGNAAAG	9.52190563232e-05	0.00161749147742	436	6326	8234	145250	6.4478	5.3647
GAAANNNAAGG	0.000185922708752	0.00297061886645	382	6380	7182	146302	5.6492	4.6793
AAAGNNAAGG	0.000444572373911	0.00664787285249	399	6363	7630	145854	5.9006	4.9712
AAGGNNGAAA	0.00047499968758	0.00664787285249	407	6355	7805	145679	6.0189	5.0852
GAAANNAAGG	0.000500090771526	0.00664787285249	405	6357	7769	145715	5.9894	5.0618
AAAGNNAAAG	0.00144524384103	0.0172057318929	565	6197	11301	142183	8.3555	7.363
AAGGNNGGAA	0.00248638662788	0.0270127600604	400	6362	7861	145623	5.9154	5.1217
GAAANNAAAG	0.0171121963208	0.158528403997	592	6170	12316	141168	8.7548	8.0243
AAAGNNNGGAA	0.0175341045636	0.158528403997	417	6345	8520	144964	6.1668	5.5511
AAGGNNNGAAA	0.0303385499407	0.218442309566	355	6407	7276	146208	5.2499	4.7406
GAAANAAAG	0.0336995295876	0.218442309566	556	6206	11675	141809	8.2224	7.6067
AAGGNNAAAG	0.0391952018135	0.218442309566	356	6406	7344	146140	5.2647	4.7849
AAGG_AAAG	0.0627140441104	0.276629908464	1068	5694	23179	130305	15.7941	15.1019
AAAGNNNAAAG	0.090042567995	0.314378693023	508	6254	10860	142624	7.5126	7.0757
GGAANAAAG	0.110735158639	0.314378693023	375	6387	7980	145504	5.5457	5.1992
AAAGNNNGAAA	0.771443178329	0.947761779268	540	6222	12636	140848	7.9858	8.2328
AAGGNNNAAAG	0.984387090107	0.984387090107	357	6405	9045	144439	5.2795	5.8931
