AAAGNGGAA	0.0	0.0	2935	18785	7759	145725	13.5129	5.0553
AAAG	2.71810240193e-258	0.0	21682	38	147992	5492	99.825	96.4218
GAAA	5.88628062804e-250	0.0	21667	53	147820	5664	99.756	96.3097
AAAG_GGAA	6.1923695976e-207	0.0	4909	16811	21819	131665	22.6013	14.2158
GGAA	1.04168500411e-206	0.0	21607	113	147545	5939	99.4797	96.1305
GAAA_GGAA	2.33434054207e-193	0.0	4770	16950	21388	132096	21.9613	13.935
AAGG	2.02520123262e-149	0.0	21495	225	147135	6349	98.9641	95.8634
GAAANNGGAA	4.14432545065e-141	0.0	2183	19537	8258	145226	10.0506	5.3804
GGAA_GGAA	1.4865834214e-112	0.0	3518	18202	16519	136965	16.1971	10.7627
GGAANNGAAA	1.38393092336e-94	0.0	1972	19748	8220	145264	9.0792	5.3556
GGAANNGGAA	7.99109576178e-81	0.0	1451	20269	5748	147736	6.6805	3.745
GGAANNNGGAA	1.41024099896e-70	0.0	1414	20306	5803	147681	6.5101	3.7809
GGAA_GAAA	1.41088473561e-69	0.0	4252	17468	22770	130714	19.5764	14.8354
GAAANNNGGAA	1.52417033419e-64	0.0	1713	20007	7631	145853	7.8867	4.9719
AAAG_GAAA	4.06953014727e-33	0.0	4899	16821	29271	124213	22.5552	19.071
GGAANNNAAAG	2.19728188038e-32	0.0	1522	20198	7703	145781	7.0074	5.0188
AAAGNNGAAA	4.50466807107e-28	0.0	1855	19865	9958	143526	8.5405	6.488
GAAA_GAAA	1.86734383897e-26	0.0	5057	16663	30913	122571	23.2827	20.1409
GAAANGGAA	3.42919279086e-25	0.0	1364	20356	7087	146397	6.2799	4.6174
AAAG_AAAG	1.52591436413e-24	0.0	4898	16822	30032	123452	22.5506	19.5669
GGAA_AAAG	1.3701250493e-21	0.0	3638	18082	21922	131562	16.7495	14.2829
AAAGNGAAA	1.84573112119e-19	0.0	1781	19939	10020	143464	8.1998	6.5284
AAAGNNNAAGG	2.86226349751e-19	0.0	1205	20515	6422	147062	5.5479	4.1841
GAAA_AAAG	2.02612458308e-18	0.0	4949	16771	31025	122459	22.7855	20.2138
AAGGNGAAA	7.43378275544e-17	4.88498130835e-15	1189	20531	6461	147023	5.4742	4.2096
AAAG_AAGG	2.54179089459e-16	9.54791801178e-15	3349	18371	20520	132964	15.419	13.3695
GAAANNNGAAA	6.92928071989e-16	2.79776202206e-14	1805	19915	10433	143051	8.3103	6.7975
AAAGNAAAG	6.34799207758e-14	2.60369503735e-12	2032	19688	12068	141416	9.3554	7.8627
GAAANGAAA	6.56808589491e-13	2.62723176547e-11	2120	19600	12738	140746	9.7606	8.2992
AAGGNGGAA	1.17631222778e-12	4.5874970489e-11	974	20746	5377	148107	4.4843	3.5033
AAAGNNGGAA	2.41293105329e-12	9.16924314254e-11	1228	20492	7005	146479	5.6538	4.564
GAAA_AAGG	2.46430522399e-11	9.11793418545e-10	2991	18729	18692	134792	13.7707	12.1785
GAAANNNAAAG	6.55760390015e-11	2.360735607e-09	1965	19755	11917	141567	9.047	7.7643
AAAGNNAAAG	1.26669181936e-10	4.4334230731e-09	1867	19853	11301	142183	8.5958	7.363
AAGG_AAGG	1.7235622368e-10	5.86011217329e-09	2567	19153	15958	137526	11.8186	10.3972
AAGG_GAAA	5.84549326494e-10	1.92901266072e-08	3178	18542	20128	133356	14.6317	13.1141
GGAANNNGAAA	9.45171115051e-10	3.02454767898e-08	1367	20353	8113	145371	6.2937	5.2859
GGAANNAAAG	3.47316405698e-09	1.07668081117e-07	1316	20404	7833	145651	6.0589	5.1035
GAAANAAGG	1.1237518247e-08	3.37125492522e-07	873	20847	5016	148468	4.0193	3.2681
GAAANNGAAA	1.51113925783e-08	4.38230292166e-07	1973	19747	12231	141253	9.0838	7.9689
AAGG_GGAA	3.2497401128e-07	9.09923239545e-06	2656	19064	16999	136485	12.2284	11.0754
GGAA_AAGG	3.48943656212e-07	9.42143597893e-06	2655	19065	16997	136487	12.2238	11.0741
AAGGNNNGGAA	8.31055069305e-07	2.16072073417e-05	827	20893	4874	148610	3.8076	3.1756
GAAANNNAAGG	2.06331576737e-06	5.15816170225e-05	1174	20546	7182	146302	5.4052	4.6793
AAAGNNNAAAG	3.26985768671e-06	7.84736335687e-05	1723	19997	10860	142624	7.9328	7.0757
GGAANGGAA	4.28691474973e-06	9.85943898412e-05	1042	20678	6347	147137	4.7974	4.1353
AAGGNNAAGG	1.39248594533e-05	0.000306302120835	969	20751	5922	147562	4.4613	3.8584
GGAANGAAA	5.4359649832e-05	0.00114093231604	1320	20400	8329	145155	6.0773	5.4266
AAGGNAAGG	0.000246617508767	0.0049208114195	999	20721	6272	147212	4.5994	4.0864
AAGGNAAAG	0.000289570172392	0.00548751827494	1290	20430	8234	145250	5.9392	5.3647
GAAANNAAAG	0.000425556513867	0.0076323719895	1888	19832	12316	141168	8.6924	8.0243
GAAANAAAG	0.000809638980057	0.0136750724595	1786	19934	11675	141809	8.2228	7.6067
AAAGNAAGG	0.000957099527128	0.0152041571447	1260	20460	8115	145369	5.8011	5.2872
GGAANAAGG	0.00105807833974	0.0157541617334	791	20929	4968	148516	3.6418	3.2368
AAGGNNNAAGG	0.00174115334915	0.0241021821329	796	20924	5031	148453	3.6648	3.2779
GGAANNNAAGG	0.00552629274852	0.0695073012774	1084	20636	7056	146428	4.9908	4.5972
GGAANNAAGG	0.00611470068067	0.0709583093579	961	20759	6229	147255	4.4245	4.0584
AAAGNNAAGG	0.0153938271016	0.156882514325	1155	20565	7630	145854	5.3177	4.9712
AAGGNNGAAA	0.0840424482321	0.584325410857	1153	20567	7805	145679	5.3085	5.0852
GAAANNAAGG	0.123941144443	0.696051813833	1140	20580	7769	145715	5.2486	5.0618
AAGGNNNGAAA	0.164045364987	0.761514663725	1063	20657	7276	146208	4.8941	4.7406
AAAGNNNGAAA	0.335733638011	0.942931583223	1807	19913	12636	140848	8.3195	8.2328
AAGGNNAAAG	0.658725903548	0.998420135091	1026	20694	7344	146140	4.7238	4.7849
GGAANAAAG	0.854614792674	0.999935046718	1093	20627	7980	145504	5.0322	5.1992
AAAGNNNGGAA	0.874488289043	0.999935046718	1165	20555	8520	144964	5.3637	5.5511
AAGGNNGGAA	0.970544074731	0.999974442521	1048	20672	7861	145623	4.825	5.1217
AAGG_AAAG	0.98355493824	0.999974442521	3161	18559	23179	130305	14.5534	15.1019
AAGGNNNAAAG	0.999999999744	0.999999999744	1041	20679	9045	144439	4.7928	5.8931
