AAAGNGGAA	0.0	0.0	5012	23228	7759	145725	17.7479	5.0553
AAAG_GGAA	0.0	0.0	7841	20399	21819	131665	27.7656	14.2158
GAAANNGGAA	0.0	0.0	3762	24478	8258	145226	13.3215	5.3804
GAAA_GGAA	0.0	0.0	7555	20685	21388	132096	26.7528	13.935
GGAA	0.0	0.0	28234	6	147545	5939	99.9788	96.1305
GGAANNGGAA	0.0	0.0	3247	24993	5748	147736	11.4979	3.745
GGAANNNGGAA	0.0	0.0	2995	25245	5803	147681	10.6055	3.7809
GGAA_GGAA	0.0	0.0	7116	21124	16519	136965	25.1983	10.7627
AAGG	7.08696661549e-311	0.0	28118	122	147135	6349	99.568	95.8634
AAGG_GGAA	3.7767815466e-209	0.0	5058	23182	16999	136485	17.9108	11.0754
GGAA_AAGG	5.67763065103e-190	0.0	4959	23281	16997	136487	17.5602	11.0741
AAAG	4.13343857829e-189	0.0	28031	209	147992	5492	99.2599	96.4218
GAAANNNGGAA	1.01076060341e-181	0.0	2709	25531	7631	145853	9.5928	4.9719
GAAA	1.45424972888e-168	0.0	27980	260	147820	5664	99.0793	96.3097
AAGGNGGAA	5.61840832952e-162	0.0	2051	26189	5377	148107	7.2627	3.5033
AAGG_AAGG	1.7603337093e-156	0.0	4545	23695	15958	137526	16.0942	10.3972
GGAA_GAAA	2.47559569878e-96	0.0	5608	22632	22770	130714	19.8584	14.8354
GGAANNAAGG	2.48509187067e-94	0.0	1975	26265	6229	147255	6.9936	4.0584
AAAGNNNAAGG	2.1730864168e-80	0.0	1949	26291	6422	147062	6.9016	4.1841
GGAANAAGG	1.80287717508e-71	0.0	1558	26682	4968	148516	5.517	3.2368
GGAANGGAA	3.49207451528e-71	0.0	1881	26359	6347	147137	6.6608	4.1353
AAAG_AAGG	7.5442820386e-71	0.0	4932	23308	20520	132964	17.4646	13.3695
AAGGNNNAAGG	2.70341538757e-70	0.0	1567	26673	5031	148453	5.5489	3.2779
AAGGNNNGGAA	4.6593807323e-68	0.0	1518	26722	4874	148610	5.3754	3.1756
AAAGNNGGAA	1.11867856889e-67	0.0	2012	26228	7005	146479	7.1246	4.564
GAAANGGAA	2.10398159647e-60	0.0	1986	26254	7087	146397	7.0326	4.6174
AAGGNAAGG	1.46655443474e-58	0.0	1790	26450	6272	147212	6.3385	4.0864
GGAANNGAAA	7.5974575469e-58	0.0	2222	26018	8220	145264	7.8683	5.3556
AAGGNNAAGG	3.25326147977e-57	0.0	1702	26538	5922	147562	6.0269	3.8584
GGAANNNGAAA	2.60504498108e-52	0.0	2160	26080	8113	145371	7.6487	5.2859
GGAANNNAAGG	4.33931805389e-52	0.0	1925	26315	7056	146428	6.8166	4.5972
GGAA_AAAG	7.4820433884e-48	0.0	4994	23246	21922	131562	17.6841	14.2829
GGAANNNAAAG	1.73153409821e-43	0.0	2006	26234	7703	145781	7.1034	5.0188
AAGGNNGGAA	3.76648945513e-32	0.0	1948	26292	7861	145623	6.898	5.1217
GAAA_AAGG	3.8835067857e-25	0.0	4073	24167	18692	134792	14.4228	12.1785
AAGGNGAAA	1.12742894827e-22	0.0	1566	26674	6461	147023	5.5453	4.2096
GGAANNAAAG	1.21185843479e-22	0.0	1852	26388	7833	145651	6.5581	5.1035
GAAANAAGG	6.17488473771e-17	3.44169137634e-15	1207	27033	5016	148468	4.2741	3.2681
AAAGNNGAAA	9.54236640918e-16	2.99760216649e-14	2203	26037	9958	143526	7.801	6.488
AAGG_GAAA	1.18543118312e-13	3.43858275187e-12	4165	24075	20128	133356	14.7486	13.1141
AAAGNAAGG	1.44761576673e-13	4.05364630751e-12	1803	26437	8115	145369	6.3846	5.2872
GGAANGAAA	6.06670919297e-12	1.63800972786e-10	1823	26417	8329	145155	6.4554	5.4266
AAAGNNAAGG	1.62009076725e-11	4.21224166658e-10	1677	26563	7630	145854	5.9384	4.9712
GAAANNNAAGG	1.7746584111e-08	4.43664507799e-07	1541	26699	7182	146302	5.4568	4.6793
GAAANNAAGG	2.33007376139e-08	5.59217551599e-07	1655	26585	7769	145715	5.8605	5.0618
AAAGNGAAA	1.26531920405e-06	2.91019366362e-05	2061	26179	10020	143464	7.2982	6.5284
AAGGNNAAAG	5.35074370515e-05	0.00117650248741	1506	26734	7344	146140	5.3329	4.7849
AAGGNAAAG	0.000180753752279	0.0037889755429	1665	26575	8234	145250	5.8959	5.3647
AAGGNNGAAA	0.000321874124398	0.00641783589084	1576	26664	7805	145679	5.5807	5.0852
GGAANAAAG	0.00600203100383	0.108082996585	1572	26668	7980	145504	5.5666	5.1992
AAAGNNAAAG	0.0105204886544	0.17334840788	2191	26049	11301	142183	7.7585	7.363
AAAGNNNGGAA	0.0343179954337	0.447693247121	1645	26595	8520	144964	5.8251	5.5511
AAAG_GAAA	0.0539905380925	0.588539941773	5502	22738	29271	124213	19.483	19.071
AAAGNAAAG	0.0907844512441	0.760115155066	2287	25953	12068	141416	8.0984	7.8627
AAAG_AAAG	0.0985249240174	0.765926562157	5620	22620	30032	123452	19.9008	19.5669
GAAANNNGAAA	0.12184325415	0.815312907594	1974	26266	10433	143051	6.9901	6.7975
GAAANNGAAA	0.215572636056	0.94572087699	2290	25950	12231	141253	8.1091	7.9689
GAAANNNAAAG	0.47656495263	0.999191852229	2196	26044	11917	141567	7.7762	7.7643
GAAA_GAAA	0.645197342366	0.999968386787	5661	22579	30913	122571	20.046	20.1409
AAGG_AAAG	0.809650531257	0.999999671931	4208	24032	23179	130305	14.9008	15.1019
AAGGNNNGAAA	0.811744928781	0.999999671931	1305	26935	7276	146208	4.6211	4.7406
GAAANGAAA	0.855086670089	0.999999671931	2291	25949	12738	140746	8.1126	8.2992
AAAGNNNAAAG	0.943062913241	0.99999996593	1925	26315	10860	142624	6.8166	7.0757
GAAANAAAG	0.987442477241	0.999999999688	2041	26199	11675	141809	7.2273	7.6067
GAAA_AAAG	0.996330337005	0.999999999819	5513	22727	31025	122459	19.522	20.2138
GAAANNAAAG	0.999987010167	1.0	2061	26179	12316	141168	7.2982	8.0243
AAAGNNNGAAA	0.999999999434	1.0	1875	26365	12636	140848	6.6395	8.2328
AAGGNNNAAAG	0.999999999497	1.0	1385	26855	9045	144439	4.9044	5.8931
