AAAGNGGAA	0.0	0.0	2401	10611	7759	145725	18.4522	5.0553
AAAG_GGAA	0.0	0.0	3751	9261	21819	131665	28.8272	14.2158
GAAA_GGAA	0.0	0.0	3586	9426	21388	132096	27.5592	13.935
GGAA_GGAA	0.0	0.0	3434	9578	16519	136965	26.391	10.7627
GGAANNGGAA	2.92980927984e-320	0.0	1590	11422	5748	147736	12.2195	3.745
GAAANNGGAA	1.52341146919e-257	0.0	1806	11206	8258	145226	13.8795	5.3804
GGAANNNGGAA	1.08921389009e-250	0.0	1447	11565	5803	147681	11.1205	3.7809
GGAA	2.42587000403e-207	0.0	13009	3	147545	5939	99.9769	96.1305
AAGG	1.89370426205e-158	0.0	12962	50	147135	6349	99.6157	95.8634
GAAANNNGGAA	1.76374302245e-114	0.0	1319	11693	7631	145853	10.1368	4.9719
GGAA_AAGG	5.22712761173e-111	0.0	2346	10666	16997	136487	18.0295	11.0741
AAGG_GGAA	9.75107182319e-111	0.0	2345	10667	16999	136485	18.0218	11.0754
AAAG	1.10069995869e-100	0.0	12926	86	147992	5492	99.3391	96.4218
AAGG_AAGG	7.11028096468e-99	0.0	2182	10830	15958	137526	16.7691	10.3972
AAGGNGGAA	9.09297955411e-93	0.0	973	12039	5377	148107	7.4777	3.5033
GAAA	5.3542104467e-89	0.0	12901	111	147820	5664	99.1469	96.3097
GGAA_GAAA	2.22040741173e-60	0.0	2656	10356	22770	130714	20.4119	14.8354
GGAANNAAGG	3.4318894452e-55	0.0	936	12076	6229	147255	7.1934	4.0584
AAAGNNNAAGG	3.22631853975e-50	0.0	936	12076	6422	147062	7.1934	4.1841
AAAGNNGGAA	3.08799428927e-43	0.0	967	12045	7005	146479	7.4316	4.564
AAAG_AAGG	1.17361936288e-42	0.0	2317	10695	20520	132964	17.8066	13.3695
GGAANGGAA	1.37266113156e-41	0.0	888	12124	6347	147137	6.8245	4.1353
AAGGNNAAGG	1.40592916331e-40	0.0	837	12175	5922	147562	6.4325	3.8584
AAGGNAAGG	2.27914272739e-40	0.0	874	12138	6272	147212	6.7169	4.0864
AAGGNNNAAGG	3.68291663067e-40	0.0	737	12275	5031	148453	5.664	3.2779
GGAANAAGG	1.34664426457e-38	0.0	723	12289	4968	148516	5.5564	3.2368
GAAANGGAA	9.48053295387e-35	0.0	932	12080	7087	146397	7.1626	4.6174
GGAANNNGAAA	2.13627212956e-33	0.0	1031	11981	8113	145371	7.9235	5.2859
GGAANNNAAGG	1.29970725563e-32	0.0	917	12095	7056	146428	7.0473	4.5972
GGAANNGAAA	1.04107684121e-31	0.0	1032	11980	8220	145264	7.9311	5.3556
AAGGNNNGGAA	1.27099155259e-31	0.0	680	12332	4874	148610	5.2259	3.1756
GGAANNNAAAG	3.14895007049e-25	0.0	939	12073	7703	145781	7.2164	5.0188
GGAA_AAAG	7.83605827551e-24	0.0	2288	10724	21922	131562	17.5838	14.2829
GAAA_AAGG	1.10492331225e-17	0.0	1925	11087	18692	134792	14.794	12.1785
AAGGNNGGAA	1.60824644083e-17	0.0	900	12112	7861	145623	6.9167	5.1217
GAAANAAGG	1.37769160685e-12	4.54632997915e-11	582	12430	5016	148468	4.4728	3.2681
AAGGNGAAA	2.0364164195e-12	6.51638742966e-11	722	12290	6461	147023	5.5487	4.2096
GGAANNAAAG	2.11977428405e-09	6.57129994863e-08	824	12188	7833	145651	6.3326	5.1035
AAAGNNGAAA	7.02845243165e-09	2.10853553062e-07	1016	11996	9958	143526	7.8082	6.488
GGAANGAAA	1.20910420609e-08	3.5064016024e-07	862	12150	8329	145155	6.6247	5.4266
AAGG_GAAA	2.38587957007e-08	6.68046064911e-07	1930	11082	20128	133356	14.8325	13.1141
GAAANNNAAGG	4.86575424753e-08	1.31375281487e-06	748	12264	7182	146302	5.7485	4.6793
AAAGNNAAGG	1.26042222452e-07	3.27709262016e-06	785	12227	7630	145854	6.0329	4.9712
AAAGNAAGG	1.26622860695e-07	3.27709262016e-06	830	12182	8115	145369	6.3787	5.2872
GAAANNAAGG	0.000211841176513	0.00507182149176	753	12259	7769	145715	5.787	5.0618
AAGGNAAAG	0.000527261090082	0.0120569289065	788	12224	8234	145250	6.0559	5.3647
AAGGNNAAAG	0.000682438539261	0.0149065538693	706	12306	7344	146140	5.4258	4.7849
AAAGNGAAA	0.00113881987003	0.0236448203369	941	12071	10020	143464	7.2318	6.5284
AAAGNAAAG	0.00289273494936	0.0562920539299	1113	11899	12068	141416	8.5536	7.8627
AAAGNNNGGAA	0.00742645659778	0.13205699627	790	12222	8520	144964	6.0713	5.5511
AAGGNNGAAA	0.00976168413564	0.161862869013	724	12288	7805	145679	5.5641	5.0852
GAAANNGAAA	0.0201392178194	0.292389302594	1104	11908	12231	141253	8.4845	7.9689
GGAANAAAG	0.0279333583744	0.364469152149	728	12284	7980	145504	5.5948	5.1992
AAAG_AAAG	0.0322913198748	0.388819416373	2634	10378	30032	123452	20.2429	19.5669
GAAANNNGAAA	0.0811998497811	0.694441193242	927	12085	10433	143051	7.1242	6.7975
AAAGNNAAAG	0.0919942239317	0.714798407941	1000	12012	11301	142183	7.6852	7.363
AAAG_GAAA	0.103732670608	0.731310441041	2541	10471	29271	124213	19.5281	19.071
GAAANNNAAAG	0.17958090422	0.88665734978	1040	11972	11917	141567	7.9926	7.7643
GAAA_GAAA	0.272936984503	0.95872182066	2650	10362	30913	122571	20.3658	20.1409
AAGG_AAAG	0.366706647461	0.983615078512	1980	11032	23179	130305	15.2167	15.1019
AAGGNNNGAAA	0.566853335508	0.998760975782	613	12399	7276	146208	4.711	4.7406
AAAGNNNAAAG	0.814290947334	0.999992382166	894	12118	10860	142624	6.8706	7.0757
GAAANGAAA	0.892059124745	0.999998418331	1040	11972	12738	140746	7.9926	8.2992
GAAA_AAAG	0.965982172889	0.999999954445	2544	10468	31025	122459	19.5512	20.2138
GAAANNAAAG	0.991079414484	0.999999993668	969	12043	12316	141168	7.447	8.0243
GAAANAAAG	0.996655393809	0.999999993668	906	12106	11675	141809	6.9628	7.6067
AAGGNNNAAAG	0.999998592021	0.999999999998	640	12372	9045	144439	4.9185	5.8931
AAAGNNNGAAA	0.999999999693	0.999999999998	868	12144	12636	140848	6.6708	8.2328
