AAAGNGGAA	0.0	0.0	1371	4524	7759	145725	23.257	5.0553
AAAG_GGAA	6.53812013072e-272	0.0	1935	3960	21819	131665	32.8244	14.2158
GAAA_GGAA	1.39986578661e-186	0.0	1706	4189	21388	132096	28.9398	13.935
GAAANNGGAA	1.74622070465e-151	0.0	878	5017	8258	145226	14.894	5.3804
GGAA_GGAA	1.7578460372e-135	0.0	1312	4583	16519	136965	22.2561	10.7627
GGAANNNGGAA	3.20539500154e-89	0.0	582	5313	5803	147681	9.8728	3.7809
GGAA	1.81200340853e-81	0.0	5884	11	147545	5939	99.8134	96.1305
AAAG	2.36429572971e-68	0.0	5879	16	147992	5492	99.7286	96.4218
AAGG	1.5697829095e-67	0.0	5865	30	147135	6349	99.4911	95.8634
GGAANNGGAA	2.83016784582e-66	0.0	521	5374	5748	147736	8.838	3.745
GAAA	9.54623890733e-65	0.0	5873	22	147820	5664	99.6268	96.3097
GAAANNNGGAA	1.6441215444e-63	0.0	621	5274	7631	145853	10.5344	4.9719
GGAA_GAAA	2.99618278873e-35	0.0	1236	4659	22770	130714	20.9669	14.8354
AAAG_AAGG	5.07195389966e-22	0.0	1055	4840	20520	132964	17.8965	13.3695
GGAANNGAAA	1.17499771248e-21	0.0	497	5398	8220	145264	8.4309	5.3556
AAGG_GGAA	4.23424250537e-20	0.0	888	5007	16999	136485	15.0636	11.0754
AAGGNGGAA	4.43852347098e-20	0.0	351	5544	5377	148107	5.9542	3.5033
AAGG_AAGG	4.89343998587e-19	0.0	835	5060	15958	137526	14.1645	10.3972
GGAA_AAGG	4.37294861535e-18	0.0	874	5021	16997	136487	14.8261	11.0741
GGAANNNAAAG	1.24027492643e-17	0.0	452	5443	7703	145781	7.6675	5.0188
AAAGNNNAAGG	4.99171879959e-17	0.0	388	5507	6422	147062	6.5818	4.1841
GGAANGGAA	8.36578949768e-15	3.9135361618e-13	373	5522	6347	147137	6.3274	4.1353
AAAGNNGAAA	2.46747525309e-13	1.13529186052e-11	530	5365	9958	143526	8.9907	6.488
GAAANGGAA	2.93023300362e-13	1.31844535289e-11	399	5496	7087	146397	6.7684	4.6174
AAGGNNAAGG	3.85276323824e-13	1.695088514e-11	344	5551	5922	147562	5.8355	3.8584
AAAGNNGGAA	2.21863522481e-12	9.54027967737e-11	390	5505	7005	146479	6.6158	4.564
GGAA_AAAG	2.71229386788e-12	1.13915543665e-10	1037	4858	21922	131562	17.5912	14.2829
GGAANNNGAAA	6.31466997206e-11	2.58901511341e-09	431	5464	8113	145371	7.3113	5.2859
GGAANNAAGG	2.82413355968e-09	1.12965337529e-07	335	5560	6229	147255	5.6828	4.0584
AAAG_GAAA	5.32099799004e-09	2.07518900064e-07	1304	4591	29271	124213	22.1204	19.071
GGAANGAAA	8.995373394e-09	3.41824134109e-07	425	5470	8329	145155	7.2095	5.4266
AAGGNNNAAGG	1.99537764454e-08	7.3828946201e-07	275	5620	5031	148453	4.665	3.2779
AAGG_GAAA	8.69324161133e-08	3.12956222048e-06	915	4980	20128	133356	15.5216	13.1141
AAAGNAAGG	5.63042218656e-07	1.97062890283e-05	401	5494	8115	145369	6.8024	5.2872
GGAANAAGG	9.04142106217e-07	3.07403730123e-05	261	5634	4968	148516	4.4275	3.2368
GAAA_AAGG	2.04875190987e-06	6.76065968547e-05	839	5056	18692	134792	14.2324	12.1785
GAAA_GAAA	3.95424581289e-06	0.000126528110834	1330	4565	30913	122571	22.5615	20.1409
GAAANAAGG	4.51196120194e-06	0.000139861331301	258	5637	5016	148468	4.3766	3.2681
GGAANNNAAGG	6.2509519687e-06	0.000187511562689	346	5549	7056	146428	5.8694	4.5972
AAGGNGAAA	6.63841729315e-06	0.000192496210727	320	5575	6461	147023	5.4283	4.2096
AAGGNNNGGAA	1.36688391995e-05	0.0003826568815	248	5647	4874	148610	4.207	3.1756
GAAANNNGAAA	2.23689176083e-05	0.000603785178824	484	5411	10433	143051	8.2103	6.7975
GGAANNAAAG	5.71841930919e-05	0.00148572674604	370	5525	7833	145651	6.2765	5.1035
AAAGNGAAA	5.79553089919e-05	0.00148572674604	462	5433	10020	143464	7.8372	6.5284
AAAGNAAAG	0.000125120264521	0.0029985695082	543	5352	12068	141416	9.2112	7.8627
AAGGNAAGG	0.000129721787207	0.0029985695082	300	5595	6272	147212	5.0891	4.0864
AAGGNNGGAA	0.000321706647079	0.00705369004838	363	5532	7861	145623	6.1578	5.1217
GAAA_AAAG	0.000339708918505	0.00710970489781	1300	4595	31025	122459	22.0526	20.2138
AAAGNNAAGG	0.0010968206023	0.0217093363473	347	5548	7630	145854	5.8863	4.9712
GAAANNAAGG	0.0012662729645	0.0237869543825	352	5543	7769	145715	5.9712	5.0618
GAAANNGAAA	0.00157737831372	0.0280153106315	534	5361	12231	141253	9.0585	7.9689
AAAG_AAAG	0.00165306280559	0.0280153106315	1246	4649	30032	123452	21.1366	19.5669
AAGGNAAAG	0.00265308728581	0.0416151001692	367	5528	8234	145250	6.2256	5.3647
GAAANNNAAAG	0.00333177373145	0.0488276920026	516	5379	11917	141567	8.7532	7.7643
AAGGNNGAAA	0.00860353182764	0.113939974797	342	5553	7805	145679	5.8015	5.0852
AAGGNNNGAAA	0.0327404701981	0.351277106956	311	5584	7276	146208	5.2757	4.7406
AAAGNNNAAAG	0.0603060365345	0.525935708358	449	5446	10860	142624	7.6166	7.0757
GAAANAAAG	0.0623322687771	0.525935708358	481	5414	11675	141809	8.1595	7.6067
GAAANGAAA	0.112788675055	0.697816485456	516	5379	12738	140746	8.7532	8.2992
AAAGNNAAAG	0.136625874112	0.733442280698	457	5438	11301	142183	7.7523	7.363
GAAANNNAAGG	0.143442708184	0.733442280698	294	5601	7182	146302	4.9873	4.6793
AAAGNNNGGAA	0.245943534078	0.861379622194	340	5555	8520	144964	5.7676	5.5511
GAAANNAAAG	0.262319354001	0.861379622194	487	5408	12316	141168	8.2612	8.0243
AAGGNNAAAG	0.264865625236	0.861379622194	293	5602	7344	146140	4.9703	4.7849
GGAANAAAG	0.341305982052	0.861379622194	314	5581	7980	145504	5.3265	5.1992
AAGG_AAAG	0.495220277744	0.871380830494	891	5004	23179	130305	15.1145	15.1019
AAAGNNNGAAA	0.886017895051	0.987008079751	460	5435	12636	140848	7.8032	8.2328
AAGGNNNAAAG	0.999662879513	0.999662879513	287	5608	9045	144439	4.8685	5.8931
