Motif	CDC_X_CDP_KO_PU1_IRF8	CDP_PU1_KO_X_WT_IRF8	CDP_PU1_WT_X_KO_IRF8	CDP_X_MPP_KO_PU1_IRF8	CDP_X_MPP_WT_PU1_IRF8	MPP_PU1_KO_X_WT_IRF8	MPP_PU1_WT_X_KO_IRF8	MPP_X_CDP_KO_PU1_IRF8	MPP_X_CDP_WT_PU1_IRF8	cdc_cdp_pu1_ko	cdp_ko_wt_pu1	cdp_mpp_pu1_ko	cdp_mpp_wt_pu1	cdp_wt_ko_pu1	mpp_cdp_pu1_ko	mpp_cdp_wt_pu1	mpp_ko_wt_pu1	mpp_wt_ko_pu1
AAAG	2349	8471	8451	850	9426	12926	6748	2163	5879	9203	18927	3565	22361	17064	7107	22863	28031	21682
AAAGNAAAG	206	701	778	61	862	1113	621	200	543	742	1513	289	1928	1545	585	2100	2287	2032
AAAGNAAGG	130	515	568	45	624	830	454	138	401	519	1156	218	1450	1117	462	1295	1803	1260
AAAGNGAAA	169	535	789	71	811	941	554	146	462	685	1266	317	1867	1512	521	1828	2061	1781
AAAGNGGAA	253	1563	2445	132	1940	2401	1849	306	1371	877	3381	459	3820	3573	919	2641	5012	2935
AAAGNNAAAG	176	617	819	65	829	1000	565	177	457	721	1386	289	1937	1606	595	1888	2191	1867
AAAGNNAAGG	137	470	540	46	597	785	399	127	347	468	1086	200	1318	1002	411	1228	1677	1155
AAAGNNGAAA	214	615	886	81	865	1016	618	201	530	747	1395	324	1985	1674	596	1894	2203	1855
AAAGNNGGAA	159	613	672	50	697	967	471	164	390	572	1304	233	1545	1222	495	1229	2012	1228
AAAGNNNAAAG	172	551	678	60	727	894	508	148	449	664	1249	285	1672	1326	523	1804	1925	1723
AAAGNNNAAGG	132	557	707	51	788	936	488	126	388	517	1236	191	1634	1255	437	1191	1949	1205
AAAGNNNGAAA	153	543	669	53	685	868	540	160	460	627	1246	271	1601	1265	502	1905	1875	1807
AAAGNNNGGAA	102	517	531	41	571	790	417	132	340	427	1104	183	1252	978	440	1202	1645	1165
AAAG_AAAG	485	1630	1978	168	2114	2634	1476	454	1246	1866	3641	756	4823	3894	1496	5053	5620	4898
AAAG_AAGG	374	1425	1647	133	1824	2317	1229	358	1055	1392	3176	563	4021	3077	1195	3442	4932	3349
AAAG_GAAA	488	1521	2066	184	2108	2541	1543	451	1304	1859	3480	829	4891	3965	1452	5058	5502	4899
AAAG_GGAA	477	2470	3270	207	2867	3751	2480	555	1935	1737	5274	799	5972	5215	1702	4715	7841	4909
AAGG	2351	8490	8444	849	9431	12962	6732	2170	5865	9203	18985	3551	22323	17016	7123	22666	28118	21495
AAGGNAAAG	147	531	574	65	607	788	436	137	367	514	1109	213	1422	1153	420	1325	1665	1290
AAGGNAAGG	118	540	579	50	639	874	378	129	300	431	1150	180	1358	1017	392	1008	1790	999
AAGGNGAAA	140	451	586	57	581	722	419	128	320	491	1007	211	1321	1096	419	1187	1566	1189
AAGGNGGAA	143	577	677	55	750	973	437	140	351	531	1300	212	1585	1185	452	976	2051	974
AAGGNNAAAG	119	447	518	37	544	706	356	113	293	443	1011	184	1235	982	364	1054	1506	1026
AAGGNNAAGG	114	520	521	42	629	837	397	105	344	432	1121	178	1302	974	354	1003	1702	969
AAGGNNGAAA	126	411	550	43	584	724	407	112	342	469	982	192	1320	1020	370	1168	1576	1153
AAGGNNGGAA	128	580	581	56	686	900	400	146	363	441	1287	199	1444	1043	456	1103	1948	1048
AAGGNNNAAAG	104	424	469	45	484	640	357	99	287	425	926	176	1114	890	361	1064	1385	1041
AAGGNNNAAGG	105	466	457	47	531	737	316	117	275	383	1037	183	1182	828	367	821	1567	796
AAGGNNNGAAA	117	373	460	36	489	613	355	122	311	430	848	161	1118	902	352	1126	1305	1063
AAGGNNNGGAA	96	420	434	38	490	680	305	104	248	368	989	162	1101	818	357	869	1518	827
AAGG_AAAG	341	1313	1424	136	1498	1980	1068	323	891	1290	2820	535	3470	2786	1049	3249	4208	3161
AAGG_AAGG	307	1369	1394	120	1609	2182	989	318	835	1152	2988	479	3471	2555	1012	2638	4545	2567
AAGG_GAAA	360	1163	1482	130	1537	1930	1102	337	915	1310	2664	524	3500	2804	1051	3261	4165	3178
AAGG_GGAA	343	1455	1547	132	1759	2345	1043	353	888	1263	3297	527	3793	2801	1150	2763	5058	2656
GAAA	2336	8437	8453	847	9422	12901	6746	2156	5873	9190	18860	3559	22341	17060	7106	22846	27980	21667
GAAANAAAG	166	546	737	48	729	906	556	195	481	701	1313	263	1770	1450	601	1862	2041	1786
GAAANAAGG	99	391	403	34	417	582	312	105	258	357	808	163	982	802	316	902	1207	873
GAAANGAAA	268	620	905	90	886	1040	693	204	516	998	1366	360	2228	1895	653	2058	2291	2120
GAAANGGAA	160	556	709	57	747	932	488	149	399	588	1246	259	1630	1291	478	1383	1986	1364
GAAANNAAAG	175	596	749	56	781	969	592	175	487	725	1310	290	1855	1537	556	1930	2061	1888
GAAANNAAGG	113	475	529	32	543	753	405	146	352	493	1077	184	1314	1046	444	1161	1655	1140
GAAANNGAAA	227	638	881	83	939	1104	635	196	534	822	1409	358	2073	1691	634	2022	2290	1973
GAAANNGGAA	240	1086	1681	97	1483	1806	1191	258	878	815	2338	392	3032	2634	785	2030	3762	2183
GAAANNNAAAG	205	635	856	72	860	1040	615	199	516	741	1391	307	1984	1646	611	2030	2196	1965
GAAANNNAAGG	139	411	513	46	565	748	382	126	294	450	971	193	1248	988	381	1175	1541	1174
GAAANNNGAAA	184	557	774	70	771	927	572	179	484	712	1237	299	1821	1501	525	1845	1974	1805
GAAANNNGGAA	180	819	1110	65	1048	1319	805	200	621	609	1798	274	2157	1818	599	1646	2709	1713
GAAA_AAAG	480	1570	2025	162	2068	2544	1554	488	1300	1901	3540	757	4900	4027	1527	5100	5513	4949
GAAA_AAGG	328	1193	1345	106	1422	1925	1027	343	839	1216	2674	510	3297	2634	1051	3048	4073	2991
GAAA_GAAA	583	1598	2159	204	2225	2650	1618	501	1330	2167	3524	874	5259	4309	1560	5139	5661	5057
GAAA_GGAA	530	2208	3052	194	2881	3586	2205	544	1706	1844	4852	838	6074	5067	1674	4637	7555	4770
GGAA	2362	8529	8467	850	9453	13009	6752	2174	5884	9254	19073	3571	22390	17063	7152	22789	28234	21607
GGAANAAAG	130	467	491	52	552	728	375	113	314	451	1057	201	1259	935	374	1143	1572	1093
GGAANAAGG	114	428	466	38	526	723	315	114	261	392	981	138	1153	852	349	802	1558	791
GGAANGAAA	141	582	593	52	660	862	455	172	425	526	1269	220	1472	1157	484	1422	1823	1320
GGAANGGAA	135	556	616	53	690	888	417	125	373	482	1224	203	1475	1152	415	1114	1881	1042
GGAANNAAAG	147	492	650	62	665	824	463	162	370	560	1203	237	1506	1207	507	1322	1852	1316
GGAANNAAGG	131	613	520	41	619	936	386	146	335	456	1305	181	1384	963	427	1026	1975	961
GGAANNGAAA	449	486	1468	165	1225	1032	815	239	497	1599	1114	598	2933	3073	770	1526	2222	1972
GGAANNGGAA	200	947	1080	69	1220	1590	708	210	521	711	2028	302	2472	1782	628	1397	3247	1451
GGAANNNAAAG	238	516	938	86	880	939	604	177	452	872	1165	312	1983	1814	567	1428	2006	1522
GGAANNNAAGG	150	572	615	44	650	917	409	155	346	518	1232	184	1447	1141	483	1097	1925	1084
GGAANNNGAAA	165	631	746	64	797	1031	510	165	431	596	1316	254	1745	1372	529	1383	2160	1367
GGAANNNGGAA	204	918	1016	73	1063	1447	699	212	582	661	1962	256	2237	1696	623	1433	2995	1414
GGAA_AAAG	467	1354	1854	186	1906	2288	1303	402	1037	1746	3160	696	4343	3573	1320	3628	4994	3638
GGAA_AAGG	361	1470	1455	117	1644	2346	1027	383	874	1269	3197	467	3656	2709	1159	2726	4959	2655
GGAA_GAAA	680	1566	2498	258	2394	2656	1604	511	1236	2469	3393	974	5519	5007	1603	3999	5608	4252
GGAA_GGAA	490	2156	2366	178	2587	3434	1596	493	1312	1687	4621	688	5430	4078	1471	3586	7116	3518
