Motif	CDC_X_CDP_KO_PU1_IRF8	CDP_PU1_KO_X_WT_IRF8	CDP_PU1_WT_X_KO_IRF8	CDP_X_MPP_KO_PU1_IRF8	CDP_X_MPP_WT_PU1_IRF8	MPP_PU1_KO_X_WT_IRF8	MPP_PU1_WT_X_KO_IRF8	MPP_X_CDP_KO_PU1_IRF8	MPP_X_CDP_WT_PU1_IRF8	cdc_cdp_pu1_ko	cdp_ko_wt_pu1	cdp_mpp_pu1_ko	cdp_mpp_wt_pu1	cdp_wt_ko_pu1	mpp_cdp_pu1_ko	mpp_cdp_wt_pu1	mpp_ko_wt_pu1	mpp_wt_ko_pu1
AAAG	16454	56881	64814	6051	68764	88495	51721	15221	44656	64576	126702	25707	163564	129628	50325	173438	191724	165852
AAAGNAAAG	225	836	898	65	987	1316	699	245	618	822	1733	318	2164	1747	674	2361	2620	2259
AAAGNAAGG	137	554	599	46	662	893	474	150	418	548	1236	229	1546	1191	500	1347	1933	1321
AAAGNGAAA	188	562	883	76	879	1008	610	160	488	746	1354	349	2043	1686	577	1917	2229	1895
AAAGNGGAA	273	1688	2751	138	2150	2622	2059	323	1498	959	3635	504	4232	4036	1006	2835	5442	3206
AAAGNNAAAG	203	659	929	73	927	1105	624	203	503	784	1505	320	2163	1802	661	2026	2416	2019
AAAGNNAAGG	142	520	604	48	653	890	444	146	373	483	1164	214	1418	1095	442	1290	1830	1226
AAAGNNGAAA	230	660	958	86	924	1111	664	216	556	810	1477	351	2131	1800	645	2017	2359	1983
AAAGNNGGAA	165	636	723	53	743	1016	497	178	412	596	1368	247	1643	1304	524	1278	2129	1279
AAAGNNNAAAG	189	592	725	61	769	964	555	158	486	725	1335	303	1791	1434	568	1921	2071	1836
AAAGNNNAAGG	135	591	774	53	858	1020	512	133	407	557	1307	201	1806	1405	497	1237	2120	1252
AAAGNNNGAAA	190	636	790	59	838	1050	639	223	529	746	1481	303	1910	1501	636	2228	2265	2130
AAAGNNNGGAA	110	542	563	41	605	838	437	140	355	452	1178	197	1328	1046	473	1258	1752	1227
AAAG_AAAG	594	1995	2466	194	2607	3254	1796	583	1529	2242	4394	905	5917	4814	1822	6036	6845	5841
AAAG_AAGG	410	1645	1953	145	2144	2758	1422	424	1188	1568	3658	635	4703	3641	1421	3826	5796	3756
AAAG_GAAA	604	1827	2581	217	2592	3098	1894	589	1555	2277	4243	990	5984	4908	1829	6086	6727	5942
AAAG_GGAA	548	2853	4023	232	3479	4453	2987	637	2263	2003	6155	945	7171	6360	1988	5361	9276	5697
AAGG	13628	52679	53868	5107	59929	81415	40574	13088	34733	51172	116091	20458	135312	102456	41865	119454	173855	114452
AAGGNAAAG	157	568	616	66	646	855	461	149	397	554	1178	220	1538	1275	482	1390	1800	1346
AAGGNAAGG	127	594	705	62	718	1002	480	153	342	465	1255	217	1496	1194	448	1089	1993	1133
AAGGNGAAA	151	479	647	60	642	798	446	134	337	517	1067	226	1436	1194	442	1228	1697	1238
AAGGNGGAA	149	631	744	62	830	1067	474	159	383	558	1413	228	1730	1300	493	1024	2255	1026
AAGGNNAAAG	135	472	572	40	595	771	381	121	306	493	1053	192	1329	1081	409	1098	1621	1077
AAGGNNAAGG	117	591	649	51	738	996	451	111	366	483	1248	207	1596	1246	446	1068	2003	1053
AAGGNNGAAA	133	442	587	45	621	778	436	129	362	494	1054	200	1400	1092	399	1234	1686	1220
AAGGNNGGAA	170	708	696	65	847	1144	470	199	410	521	1542	239	1774	1254	594	1275	2458	1233
AAGGNNNAAAG	107	447	507	45	518	683	379	111	301	445	988	187	1191	960	384	1115	1482	1093
AAGGNNNAAGG	124	508	522	53	593	821	350	134	298	438	1115	196	1299	936	427	869	1736	849
AAGGNNNGAAA	119	386	477	37	512	642	363	128	318	436	881	170	1172	939	375	1160	1369	1096
AAGGNNNGGAA	106	450	473	41	535	755	320	115	264	384	1054	175	1178	876	376	912	1632	862
AAGG_AAAG	396	1472	1677	150	1738	2275	1211	378	997	1464	3184	594	3999	3265	1240	3577	4831	3489
AAGG_AAGG	363	1632	1803	160	1977	2702	1231	388	967	1349	3513	601	4258	3259	1270	2952	5536	2950
AAGG_GAAA	402	1304	1699	142	1764	2210	1240	390	1015	1439	2994	595	3988	3202	1212	3612	4736	3542
AAGG_GGAA	421	1771	1896	165	2186	2936	1258	466	1049	1455	3965	635	4630	3395	1440	3184	6274	3096
GAAA	16561	54721	64408	5993	67761	86042	51265	15472	43798	65668	122046	25641	161650	130231	50485	174967	186107	168207
GAAANAAAG	202	648	875	55	901	1098	667	251	562	812	1557	297	2109	1697	734	2181	2462	2116
GAAANAAGG	102	402	425	35	437	610	326	114	266	371	838	170	1030	845	336	927	1273	906
GAAANGAAA	293	734	1029	94	1000	1228	772	254	585	1093	1551	396	2485	2120	741	2302	2612	2351
GAAANGGAA	171	600	770	61	811	1020	524	160	427	626	1325	281	1778	1414	527	1454	2154	1432
GAAANNAAAG	188	654	816	58	857	1085	633	193	524	772	1422	317	2027	1679	601	2060	2259	2025
GAAANNAAGG	115	501	563	32	567	794	432	156	372	509	1135	191	1388	1119	464	1210	1753	1200
GAAANNGAAA	255	686	999	89	1035	1206	706	219	581	901	1543	395	2307	1909	708	2168	2531	2138
GAAANNGGAA	269	1150	1914	103	1632	1960	1348	277	953	890	2483	430	3316	2984	854	2140	4040	2380
GAAANNNAAAG	230	709	981	79	965	1168	696	233	586	803	1545	340	2193	1828	680	2234	2436	2156
GAAANNNAAGG	142	445	550	49	610	826	399	137	307	470	1031	211	1331	1059	401	1224	1652	1225
GAAANNNGAAA	205	587	841	76	823	993	621	194	521	781	1303	330	1958	1653	566	1968	2105	1934
GAAANNNGGAA	192	860	1211	67	1127	1411	880	222	662	654	1889	294	2342	1983	657	1728	2907	1828
GAAA_AAAG	599	1935	2590	187	2631	3227	1951	649	1629	2309	4357	927	6132	5062	1943	6298	6901	6130
GAAA_AAGG	358	1339	1527	116	1604	2214	1151	406	943	1344	2983	569	3731	3006	1196	3353	4645	3322
GAAA_GAAA	718	1919	2741	251	2744	3251	2012	637	1629	2651	4225	1085	6464	5421	1922	6221	6906	6170
GAAA_GGAA	625	2579	3848	227	3531	4331	2721	653	2023	2142	5631	997	7350	6300	2004	5266	8979	5582
GGAA	16591	64900	67155	6038	74517	100998	49578	16013	41729	60924	142305	24084	164360	124051	50155	136461	214573	131771
GGAANAAAG	132	490	524	56	587	772	397	121	325	471	1134	220	1333	1011	399	1185	1664	1147
GGAANAAGG	118	487	542	59	620	843	344	122	270	413	1083	164	1330	980	380	832	1762	840
GGAANGAAA	153	609	632	55	697	904	482	182	438	554	1334	239	1550	1217	517	1485	1923	1390
GGAANGGAA	145	614	764	64	784	1016	514	148	415	530	1349	238	1669	1381	499	1213	2126	1175
GGAANNAAAG	163	524	686	65	700	877	480	178	386	599	1275	253	1591	1276	550	1375	1961	1370
GGAANNAAGG	170	740	631	49	749	1153	466	194	385	533	1586	220	1673	1173	554	1196	2455	1148
GGAANNGAAA	476	527	1644	173	1344	1163	919	272	530	1713	1188	643	3187	3386	859	1617	2439	2141
GGAANNGGAA	250	1105	1418	77	1549	1982	848	271	585	837	2365	349	3190	2331	809	1527	4034	1643
GGAANNNAAAG	254	563	1016	91	959	1052	645	198	484	935	1247	334	2146	1974	627	1494	2190	1597
GGAANNNAAGG	169	607	695	58	705	987	472	176	381	569	1317	221	1566	1266	531	1167	2078	1178
GGAANNNGAAA	172	678	848	66	889	1140	561	176	466	641	1415	272	1925	1533	582	1468	2362	1463
GGAANNNGGAA	235	987	1157	79	1199	1606	763	236	627	731	2116	285	2478	1921	692	1515	3302	1514
GGAA_AAAG	544	1569	2219	212	2234	2685	1518	496	1192	1995	3640	805	5042	4242	1570	4043	5781	4100
GGAA_AAGG	450	1818	1845	165	2055	2953	1270	487	1033	1501	3939	598	4526	3380	1441	3165	6219	3135
GGAA_GAAA	786	1782	3093	291	2889	3145	1936	618	1413	2870	3882	1139	6566	6066	1924	4500	6613	4924
GGAA_GGAA	612	2624	3213	216	3397	4418	2038	633	1570	2031	5628	843	7066	5411	1895	4110	9084	4169
