Motif	CDC_X_CDP_KO_PU1_IRF8	CDP_PU1_KO_X_WT_IRF8	CDP_PU1_WT_X_KO_IRF8	CDP_X_MPP_KO_PU1_IRF8	CDP_X_MPP_WT_PU1_IRF8	MPP_PU1_KO_X_WT_IRF8	MPP_PU1_WT_X_KO_IRF8	MPP_X_CDP_KO_PU1_IRF8	MPP_X_CDP_WT_PU1_IRF8	cdc_cdp_pu1_ko	cdp_ko_wt_pu1	cdp_mpp_pu1_ko	cdp_mpp_wt_pu1	cdp_wt_ko_pu1	mpp_cdp_pu1_ko	mpp_cdp_wt_pu1	mpp_ko_wt_pu1	mpp_wt_ko_pu1
AAAG	99.32	99.3	99.79	100.0	99.67	99.34	99.79	99.45	99.73	99.28	99.22	99.78	99.72	99.83	99.32	99.78	99.26	99.83
AAAGNAAAG	8.71	8.22	9.19	7.18	9.11	8.55	9.18	9.2	9.21	8.0	7.93	8.09	8.6	9.04	8.17	9.16	8.1	9.36
AAAGNAAGG	5.5	6.04	6.71	5.29	6.6	6.38	6.71	6.34	6.8	5.6	6.06	6.1	6.47	6.53	6.46	5.65	6.38	5.8
AAAGNGAAA	7.15	6.27	9.32	8.35	8.58	7.23	8.19	6.71	7.84	7.39	6.64	8.87	8.33	8.85	7.28	7.98	7.3	8.2
AAAGNGGAA	10.7	18.32	28.87	15.53	20.51	18.45	27.34	14.07	23.26	9.46	17.72	12.85	17.04	20.9	12.84	11.53	17.75	13.51
AAAGNNAAAG	7.44	7.23	9.67	7.65	8.77	7.69	8.36	8.14	7.75	7.78	7.27	8.09	8.64	9.4	8.31	8.24	7.76	8.6
AAAGNNAAGG	5.79	5.51	6.38	5.41	6.31	6.03	5.9	5.84	5.89	5.05	5.69	5.6	5.88	5.86	5.74	5.36	5.94	5.32
AAAGNNGAAA	9.05	7.21	10.46	9.53	9.15	7.81	9.14	9.24	8.99	8.06	7.31	9.07	8.85	9.79	8.33	8.27	7.8	8.54
AAAGNNGGAA	6.72	7.19	7.93	5.88	7.37	7.43	6.97	7.54	6.62	6.17	6.84	6.52	6.89	7.15	6.92	5.36	7.12	5.65
AAAGNNNAAAG	7.27	6.46	8.01	7.06	7.69	6.87	7.51	6.8	7.62	7.16	6.55	7.98	7.46	7.76	7.31	7.87	6.82	7.93
AAAGNNNAAGG	5.58	6.53	8.35	6.0	8.33	7.19	7.22	5.79	6.58	5.58	6.48	5.35	7.29	7.34	6.11	5.2	6.9	5.55
AAAGNNNGAAA	6.47	6.37	7.9	6.24	7.24	6.67	7.99	7.36	7.8	6.76	6.53	7.58	7.14	7.4	7.02	8.31	6.64	8.32
AAAGNNNGGAA	4.31	6.06	6.27	4.82	6.04	6.07	6.17	6.07	5.77	4.61	5.79	5.12	5.58	5.72	6.15	5.25	5.83	5.36
AAAG_AAAG	20.51	19.11	23.36	19.76	22.35	20.24	21.83	20.87	21.14	20.13	19.09	21.16	21.51	22.78	20.91	22.05	19.9	22.55
AAAG_AAGG	15.81	16.7	19.45	15.65	19.29	17.81	18.18	16.46	17.9	15.02	16.65	15.76	17.93	18.0	16.7	15.02	17.46	15.42
AAAG_GAAA	20.63	17.83	24.39	21.65	22.29	19.53	22.82	20.74	22.12	20.05	18.24	23.2	21.81	23.2	20.29	22.07	19.48	22.56
AAAG_GGAA	20.17	28.95	38.61	24.35	30.32	28.83	36.68	25.52	32.82	18.74	27.65	22.36	26.63	30.51	23.78	20.58	27.77	22.6
AAGG	99.41	99.52	99.7	99.88	99.73	99.62	99.56	99.77	99.49	99.28	99.52	99.38	99.55	99.55	99.54	98.92	99.57	98.96
AAGGNAAAG	6.22	6.22	6.78	7.65	6.42	6.06	6.45	6.3	6.23	5.54	5.81	5.96	6.34	6.75	5.87	5.78	5.9	5.94
AAGGNAAGG	4.99	6.33	6.84	5.88	6.76	6.72	5.59	5.93	5.09	4.65	6.03	5.04	6.06	5.95	5.48	4.4	6.34	4.6
AAGGNGAAA	5.92	5.29	6.92	6.71	6.14	5.55	6.2	5.89	5.43	5.3	5.28	5.91	5.89	6.41	5.86	5.18	5.55	5.47
AAGGNGGAA	6.05	6.76	7.99	6.47	7.93	7.48	6.46	6.44	5.95	5.73	6.81	5.93	7.07	6.93	6.32	4.26	7.26	4.48
AAGGNNAAAG	5.03	5.24	6.12	4.35	5.75	5.43	5.26	5.2	4.97	4.78	5.3	5.15	5.51	5.75	5.09	4.6	5.33	4.72
AAGGNNAAGG	4.82	6.1	6.15	4.94	6.65	6.43	5.87	4.83	5.84	4.66	5.88	4.98	5.81	5.7	4.95	4.38	6.03	4.46
AAGGNNGAAA	5.33	4.82	6.49	5.06	6.18	5.56	6.02	5.15	5.8	5.06	5.15	5.37	5.89	5.97	5.17	5.1	5.58	5.31
AAGGNNGGAA	5.41	6.8	6.86	6.59	7.25	6.92	5.92	6.71	6.16	4.76	6.75	5.57	6.44	6.1	6.37	4.81	6.9	4.83
AAGGNNNAAAG	4.4	4.97	5.54	5.29	5.12	4.92	5.28	4.55	4.87	4.58	4.85	4.93	4.97	5.21	5.04	4.64	4.9	4.79
AAGGNNNAAGG	4.44	5.46	5.4	5.53	5.61	5.66	4.67	5.38	4.66	4.13	5.44	5.12	5.27	4.84	5.13	3.58	5.55	3.66
AAGGNNNGAAA	4.95	4.37	5.43	4.24	5.17	4.71	5.25	5.61	5.28	4.64	4.45	4.51	4.99	5.28	4.92	4.91	4.62	4.89
AAGGNNNGGAA	4.06	4.92	5.12	4.47	5.18	5.23	4.51	4.78	4.21	3.97	5.18	4.53	4.91	4.79	4.99	3.79	5.38	3.81
AAGG_AAAG	14.42	15.39	16.81	16.0	15.84	15.22	15.79	14.85	15.11	13.92	14.78	14.97	15.47	16.3	14.66	14.18	14.9	14.55
AAGG_AAGG	12.98	16.05	16.46	14.12	17.01	16.77	14.63	14.62	14.16	12.43	15.66	13.41	15.48	14.95	14.14	11.51	16.09	11.82
AAGG_GAAA	15.22	13.63	17.5	15.29	16.25	14.83	16.3	15.49	15.52	14.13	13.97	14.67	15.61	16.4	14.69	14.23	14.75	14.63
AAGG_GGAA	14.5	17.06	18.27	15.53	18.6	18.02	15.42	16.23	15.06	13.62	17.28	14.75	16.91	16.39	16.07	12.06	17.91	12.23
GAAA	98.77	98.9	99.81	99.65	99.63	99.15	99.76	99.13	99.63	99.14	98.87	99.61	99.63	99.81	99.3	99.7	99.08	99.76
GAAANAAAG	7.02	6.4	8.7	5.65	7.71	6.96	8.22	8.97	8.16	7.56	6.88	7.36	7.89	8.48	8.4	8.13	7.23	8.22
GAAANAAGG	4.19	4.58	4.76	4.0	4.41	4.47	4.61	4.83	4.38	3.85	4.24	4.56	4.38	4.69	4.42	3.94	4.27	4.02
GAAANGAAA	11.33	7.27	10.69	10.59	9.37	7.99	10.25	9.38	8.75	10.77	7.16	10.08	9.94	11.09	9.13	8.98	8.11	9.76
GAAANGGAA	6.77	6.52	8.37	6.71	7.9	7.16	7.22	6.85	6.77	6.34	6.53	7.25	7.27	7.55	6.68	6.04	7.03	6.28
GAAANNAAAG	7.4	6.99	8.84	6.59	8.26	7.45	8.75	8.05	8.26	7.82	6.87	8.12	8.27	8.99	7.77	8.42	7.3	8.69
GAAANNAAGG	4.78	5.57	6.25	3.76	5.74	5.79	5.99	6.71	5.97	5.32	5.65	5.15	5.86	6.12	6.2	5.07	5.86	5.25
GAAANNGAAA	9.6	7.48	10.4	9.76	9.93	8.48	9.39	9.01	9.06	8.87	7.39	10.02	9.24	9.89	8.86	8.82	8.11	9.08
GAAANNGGAA	10.15	12.73	19.85	11.41	15.68	13.88	17.61	11.86	14.89	8.79	12.26	10.97	13.52	15.41	10.97	8.86	13.32	10.05
GAAANNNAAAG	8.67	7.44	10.11	8.47	9.09	7.99	9.09	9.15	8.75	7.99	7.29	8.59	8.85	9.63	8.54	8.86	7.78	9.05
GAAANNNAAGG	5.88	4.82	6.06	5.41	5.97	5.75	5.65	5.79	4.99	4.85	5.09	5.4	5.57	5.78	5.32	5.13	5.46	5.41
GAAANNNGAAA	7.78	6.53	9.14	8.24	8.15	7.12	8.46	8.23	8.21	7.68	6.48	8.37	8.12	8.78	7.34	8.05	6.99	8.31
GAAANNNGGAA	7.61	9.6	13.11	7.65	11.08	10.14	11.9	9.2	10.53	6.57	9.43	7.67	9.62	10.64	8.37	7.18	9.59	7.89
GAAA_AAAG	20.3	18.4	23.91	19.06	21.87	19.55	22.98	22.44	22.05	20.51	18.56	21.19	21.85	23.56	21.34	22.26	19.52	22.79
GAAA_AAGG	13.87	13.98	15.88	12.47	15.04	14.79	15.19	15.77	14.23	13.12	14.02	14.27	14.7	15.41	14.69	13.3	14.42	13.77
GAAA_GAAA	24.65	18.73	25.49	24.0	23.53	20.37	23.93	23.03	22.56	23.38	18.47	24.46	23.45	25.21	21.8	22.43	20.05	23.28
GAAA_GGAA	22.41	25.88	36.04	22.82	30.46	27.56	32.61	25.01	28.94	19.89	25.44	23.45	27.09	29.64	23.39	20.24	26.75	21.96
GGAA	99.87	99.98	99.98	100.0	99.96	99.98	99.85	99.95	99.81	99.83	99.98	99.94	99.85	99.82	99.94	99.45	99.98	99.48
GGAANAAAG	5.5	5.47	5.8	6.12	5.84	5.59	5.55	5.2	5.33	4.87	5.54	5.63	5.61	5.47	5.23	4.99	5.57	5.03
GGAANAAGG	4.82	5.02	5.5	4.47	5.56	5.56	4.66	5.24	4.43	4.23	5.14	3.86	5.14	4.98	4.88	3.5	5.52	3.64
GGAANGAAA	5.96	6.82	7.0	6.12	6.98	6.62	6.73	7.91	7.21	5.67	6.65	6.16	6.56	6.77	6.76	6.21	6.46	6.08
GGAANGGAA	5.71	6.52	7.27	6.24	7.3	6.82	6.17	5.75	6.33	5.2	6.42	5.68	6.58	6.74	5.8	4.86	6.66	4.8
GGAANNAAAG	6.22	5.77	7.68	7.29	7.03	6.33	6.85	7.45	6.28	6.04	6.31	6.63	6.72	7.06	7.08	5.77	6.56	6.06
GGAANNAAGG	5.54	7.19	6.14	4.82	6.55	7.19	5.71	6.71	5.68	4.92	6.84	5.07	6.17	5.63	5.97	4.48	6.99	4.42
GGAANNGAAA	18.99	5.7	17.33	19.41	12.95	7.93	12.05	10.99	8.43	17.25	5.84	16.74	13.08	17.98	10.76	6.66	7.87	9.08
GGAANNGGAA	8.46	11.1	12.75	8.12	12.9	12.22	10.47	9.66	8.84	7.67	10.63	8.45	11.02	10.43	8.78	6.1	11.5	6.68
GGAANNNAAAG	10.06	6.05	11.08	10.12	9.31	7.22	8.93	8.14	7.67	9.41	6.11	8.73	8.84	10.61	7.92	6.23	7.1	7.01
GGAANNNAAGG	6.34	6.7	7.26	5.18	6.87	7.05	6.05	7.13	5.87	5.59	6.46	5.15	6.45	6.68	6.75	4.79	6.82	4.99
GGAANNNGAAA	6.98	7.4	8.81	7.53	8.43	7.92	7.54	7.59	7.31	6.43	6.9	7.11	7.78	8.03	7.39	6.04	7.65	6.29
GGAANNNGGAA	8.63	10.76	12.0	8.59	11.24	11.12	10.34	9.75	9.87	7.13	10.29	7.16	9.98	9.92	8.71	6.25	10.61	6.51
GGAA_AAAG	19.75	15.87	21.89	21.88	20.15	17.58	19.27	18.48	17.59	18.83	16.57	19.48	19.37	20.9	18.45	15.83	17.68	16.75
GGAA_AAGG	15.26	17.23	17.18	13.76	17.38	18.03	15.19	17.61	14.83	13.69	16.76	13.07	16.3	15.85	16.2	11.9	17.56	12.22
GGAA_GAAA	28.75	18.36	29.5	30.35	25.31	20.41	23.72	23.49	20.97	26.63	17.79	27.26	24.61	29.29	22.4	17.45	19.86	19.58
GGAA_GGAA	20.72	25.27	27.94	20.94	27.36	26.39	23.6	22.67	22.26	18.2	24.22	19.26	24.22	23.86	20.56	15.65	25.2	16.2
