AAAGNGGAA	1.67381488283e-53	0.0	207	977	7759	145725	17.4831	5.0553
GAAANNGGAA	1.38860715549e-36	0.0	183	1001	8258	145226	15.4561	5.3804
GAAA_GGAA	4.23314904246e-34	0.0	326	858	21388	132096	27.5338	13.935
GGAA_GGAA	9.80120823236e-31	0.0	266	918	16519	136965	22.4662	10.7627
AAAG_GGAA	1.08223258147e-29	0.0	318	866	21819	131665	26.8581	14.2158
GGAANNNGGAA	2.64827451608e-26	0.0	130	1054	5803	147681	10.9797	3.7809
AAGG	7.05699544224e-16	4.13002965161e-14	1179	5	147135	6349	99.5777	95.8634
AAGGNNAAGG	1.25881558056e-14	7.65276730874e-13	105	1079	5922	147562	8.8682	3.8584
AAGG_GGAA	4.68336059011e-14	2.81108469835e-12	219	965	16999	136485	18.4966	11.0754
AAGG_AAGG	1.46863602587e-13	8.66606786332e-12	207	977	15958	137526	17.4831	10.3972
GGAANNNAAGG	3.05923733265e-10	1.77435762749e-08	105	1079	7056	146428	8.8682	4.5972
AAAGNNNAAGG	7.23703637777e-10	4.12511073078e-08	97	1087	6422	147062	8.1926	4.1841
AAAG_AAGG	1.1787813644e-09	6.60117566165e-08	233	951	20520	132964	19.6791	13.3695
GGAA_AAGG	1.59860527077e-09	8.79232848749e-08	200	984	16997	136487	16.8919	11.0741
AAGGNNGGAA	2.1156917562e-08	1.14247290728e-06	107	1077	7861	145623	9.0372	5.1217
GGAA	2.597977093e-08	1.37692692714e-06	1170	14	147545	5939	98.8176	96.1305
AAAG	2.79342786261e-08	1.45258145601e-06	1172	12	147992	5492	98.9865	96.4218
GGAA_GAAA	4.61236551245e-07	2.35227928752e-05	239	945	22770	130714	20.1858	14.8354
GGAANNGAAA	5.62845302777e-07	2.81418770703e-05	105	1079	8220	145264	8.8682	5.3556
GAAANNNGGAA	6.21123633461e-07	3.04346043474e-05	99	1085	7631	145853	8.3615	4.9719
GGAANGGAA	2.16509227806e-06	0.00010391914188	84	1100	6347	147137	7.0946	4.1353
GAAA	7.32186663682e-06	0.000344069786173	1166	18	147820	5664	98.4797	96.3097
AAAGNAAGG	7.89748275469e-06	0.000363219660998	99	1085	8115	145369	8.3615	5.2872
GGAANNGGAA	6.35819450164e-05	0.00285718893361	72	1112	5748	147736	6.0811	3.745
GAAANGGAA	0.000100224965179	0.00440040917648	84	1100	7087	146397	7.0946	4.6174
AAGGNNNGGAA	0.000231113394152	0.00988979564015	61	1123	4874	148610	5.152	3.1756
GGAANNAAAG	0.000249774468108	0.0104369906634	89	1095	7833	145651	7.5169	5.1035
AAGGNAAGG	0.000292401218229	0.0119186069598	74	1110	6272	147212	6.25	4.0864
AAAGNNGGAA	0.000677284341435	0.026736627056	79	1105	7005	146479	6.6723	4.564
AAGGNGGAA	0.000949557436013	0.0363723686226	63	1121	5377	148107	5.3209	3.5033
GGAANNNAAAG	0.00120793397005	0.0448904530121	84	1100	7703	145781	7.0946	5.0188
GGAA_AAAG	0.00128351534063	0.0464091432169	207	977	21922	131562	17.4831	14.2829
GAAANNAAGG	0.00223085205698	0.0772531844472	83	1101	7769	145715	7.0101	5.0618
GGAANGAAA	0.0162851395201	0.437110530927	82	1102	8329	145155	6.9257	5.4266
GGAANNNGAAA	0.0226536392969	0.541172959367	79	1105	8113	145371	6.6723	5.2859
AAGGNNNAAGG	0.0823425314626	0.941324078735	48	1136	5031	148453	4.0541	3.2779
GAAA_AAGG	0.120324122067	0.983467982378	158	1026	18692	134792	13.3446	12.1785
AAGGNNNGAAA	0.128333467004	0.985846575635	65	1119	7276	146208	5.4899	4.7406
GGAANNAAGG	0.171570002382	0.996470814454	55	1129	6229	147255	4.6453	4.0584
GGAANAAGG	0.19675520714	0.998259838135	44	1140	4968	148516	3.7162	3.2368
AAAGNGAAA	0.26767287347	0.999837166635	83	1101	10020	143464	7.0101	6.5284
AAGGNGAAA	0.29374039084	0.99991643239	54	1130	6461	147023	4.5608	4.2096
AAAGNNNGGAA	0.311700995438	0.999939437237	70	1114	8520	144964	5.9122	5.5511
AAGG_GAAA	0.324037875873	0.999944016628	161	1023	20128	133356	13.598	13.1141
AAGGNAAAG	0.345080186165	0.999961228276	67	1117	8234	145250	5.6588	5.3647
GAAANAAAG	0.349017416177	0.999961228276	94	1090	11675	141809	7.9392	7.6067
AAGGNNAAAG	0.659639108473	0.99999999995	54	1130	7344	146140	4.5608	4.7849
AAAGNNAAGG	0.759543944461	1.0	54	1130	7630	145854	4.5608	4.9712
AAAGNNGAAA	0.80416492002	1.0	70	1114	9958	143526	5.9122	6.488
GAAANAAGG	0.844053945389	1.0	33	1151	5016	148468	2.7872	3.2681
GAAANNNAAAG	0.846585590499	1.0	83	1101	11917	141567	7.0101	7.7643
GGAANAAAG	0.854206335714	1.0	54	1130	7980	145504	4.5608	5.1992
GAAANNNAAGG	0.891270516221	1.0	47	1137	7182	146302	3.9696	4.6793
AAAG_GAAA	0.912416065257	1.0	208	976	29271	124213	17.5676	19.071
AAGG_AAAG	0.92066439475	1.0	162	1022	23179	130305	13.6824	15.1019
GAAA_AAAG	0.951493513407	1.0	217	967	31025	122459	18.3277	20.2138
AAGGNNGAAA	0.956973032526	1.0	48	1136	7805	145679	4.0541	5.0852
GAAANNNGAAA	0.977631772542	1.0	64	1120	10433	143051	5.4054	6.7975
GAAANNGAAA	0.989208115532	1.0	74	1110	12231	141253	6.25	7.9689
AAAGNNNGAAA	0.991537544663	1.0	76	1108	12636	140848	6.4189	8.2328
AAAGNNAAAG	0.993623809911	1.0	66	1118	11301	142183	5.5743	7.363
AAGGNNNAAAG	0.999207633372	1.0	46	1138	9045	144439	3.8851	5.8931
AAAGNNNAAAG	0.999627483795	1.0	56	1128	10860	142624	4.7297	7.0757
GAAANGAAA	0.999653959023	1.0	68	1116	12738	140746	5.7432	8.2992
AAAGNAAAG	0.999937659198	1.0	60	1124	12068	141416	5.0676	7.8627
GAAANNAAAG	0.999994594173	1.0	57	1127	12316	141168	4.8142	8.0243
GAAA_GAAA	0.999997381743	1.0	178	1006	30913	122571	15.0338	20.1409
AAAG_AAAG	0.999999619714	1.0	167	1017	30032	123452	14.1047	19.5669
