AAAGNGGAA	0.0	0.0	3228	14343	7759	145725	18.3712	5.0553
AAAG_GGAA	0.0	0.0	5053	12518	21819	131665	28.7576	14.2158
GAAANNGGAA	0.0	0.0	2613	14958	8258	145226	14.8711	5.3804
GAAA_GGAA	0.0	0.0	5172	12399	21388	132096	29.4349	13.935
GGAANNGGAA	0.0	0.0	2060	15511	5748	147736	11.7239	3.745
GGAA_GGAA	0.0	0.0	4532	13039	16519	136965	25.7925	10.7627
GGAANNGAAA	8.52788811446e-313	0.0	2374	15197	8220	145264	13.5109	5.3556
GGAANNNGGAA	5.1900309488e-295	0.0	1881	15690	5803	147681	10.7051	3.7809
GGAA_GAAA	7.31568450672e-286	0.0	4574	12997	22770	130714	26.0315	14.8354
GGAA	1.32226199063e-260	0.0	17559	12	147545	5939	99.9317	96.1305
AAGG	1.30657454376e-200	0.0	17494	77	147135	6349	99.5618	95.8634
AAAG	1.45091979509e-180	0.0	17512	59	147992	5492	99.6642	96.4218
GAAA	1.21455471772e-166	0.0	17489	82	147820	5664	99.5333	96.3097
GAAANNNGGAA	6.13330626879e-162	0.0	1826	15745	7631	145853	10.3921	4.9719
AAGG_GGAA	2.47295078411e-133	0.0	3115	14456	16999	136485	17.7281	11.0754
AAGGNGGAA	1.5882447577e-122	0.0	1321	16250	5377	148107	7.5181	3.5033
GGAANNNAAAG	1.01570150708e-94	0.0	1587	15984	7703	145781	9.0319	5.0188
GGAA_AAAG	9.08417445747e-82	0.0	3497	14074	21922	131562	19.9021	14.2829
GGAA_AAGG	1.96715735531e-75	0.0	2803	14768	16997	136487	15.9524	11.0741
AAGG_AAGG	2.81781173173e-75	0.0	2662	14909	15958	137526	15.15	10.3972
AAAGNNGGAA	3.68856625521e-68	0.0	1365	16206	7005	146479	7.7685	4.564
GAAANGGAA	3.64473182231e-65	0.0	1363	16208	7087	146397	7.7571	4.6174
GGAANNNGAAA	6.24639294838e-60	0.0	1486	16085	8113	145371	8.4571	5.2859
AAAGNNNAAGG	5.17815411321e-56	0.0	1221	16350	6422	147062	6.9489	4.1841
GGAANGGAA	1.37883762252e-51	0.0	1188	16383	6347	147137	6.7611	4.1353
AAAG_AAGG	7.46382078595e-51	0.0	3094	14477	20520	132964	17.6086	13.3695
AAAGNNGAAA	7.95028555072e-39	0.0	1617	15954	9958	143526	9.2027	6.488
AAGGNGAAA	7.55227178848e-36	0.0	1118	16453	6461	147023	6.3628	4.2096
AAGGNNNGGAA	6.80900597442e-34	0.0	882	16689	4874	148610	5.0196	3.1756
GGAANNAAGG	8.79394272927e-33	0.0	1067	16504	6229	147255	6.0725	4.0584
AAGGNAAGG	1.84513902777e-32	0.0	1071	16500	6272	147212	6.0953	4.0864
GAAA_GAAA	8.06899299919e-32	0.0	4211	13360	30913	122571	23.9656	20.1409
AAGGNNAAGG	3.71616232804e-30	0.0	1008	16563	5922	147562	5.7367	3.8584
GGAANNNAAGG	2.16587431143e-29	0.0	1159	16412	7056	146428	6.5961	4.5972
AAGG_GAAA	5.18792082314e-25	0.0	2805	14766	20128	133356	15.9638	13.1141
AAGGNNNAAGG	6.82820713804e-25	0.0	851	16720	5031	148453	4.8432	3.2779
GGAANNAAAG	7.28263470688e-25	0.0	1231	16340	7833	145651	7.0059	5.1035
GAAA_AAGG	1.35566661763e-22	0.0	2599	14972	18692	134792	14.7914	12.1785
GAAANAAGG	7.26922805799e-22	0.0	829	16742	5016	148468	4.718	3.2681
AAAG_GAAA	1.21911429729e-20	0.0	3870	13701	29271	124213	22.0249	19.071
GGAANAAGG	1.7124105024e-20	0.0	813	16758	4968	148516	4.6269	3.2368
AAAGNGAAA	7.26241765663e-17	2.99760216649e-15	1445	16126	10020	143464	8.2238	6.5284
GAAANGAAA	2.97115730589e-16	8.65973959208e-15	1782	15789	12738	140746	10.1417	8.2992
AAGGNNGGAA	2.42273135829e-15	6.10622663544e-14	1153	16418	7861	145623	6.5619	5.1217
GAAANNNAAAG	1.03160186517e-14	2.47801779096e-13	1661	15910	11917	141567	9.4531	7.7643
GAAANNNGAAA	4.55323845071e-14	1.04694031222e-12	1467	16104	10433	143051	8.349	6.7975
GGAANGAAA	1.14103667218e-13	2.51088039249e-12	1196	16375	8329	145155	6.8067	5.4266
GAAA_AAAG	1.82188751901e-13	3.82593956516e-12	3967	13604	31025	122459	22.577	20.2138
GAAANNGAAA	3.80290336341e-13	7.60502771868e-12	1681	15890	12231	141253	9.5669	7.9689
AAAG_AAAG	1.69828864129e-09	3.22674833519e-08	3771	13800	30032	123452	21.4615	19.5669
GAAANNNAAGG	4.39056916146e-08	7.90302154496e-07	986	16585	7182	146302	5.6115	4.6793
AAAGNNAAGG	8.43726028189e-08	1.43433327937e-06	1038	16533	7630	145854	5.9075	4.9712
AAGGNAAAG	6.40263896581e-07	1.02441731527e-05	1100	16471	8234	145250	6.2603	5.3647
AAAGNAAGG	6.74104512575e-07	1.02441731527e-05	1085	16486	8115	145369	6.1749	5.2872
AAGGNNGAAA	2.93015700051e-06	4.10214167063e-05	1037	16534	7805	145679	5.9018	5.0852
AAAGNAAAG	1.90983016627e-05	0.000248249473487	1540	16031	12068	141416	8.7644	7.8627
GAAANNAAGG	0.000152181678609	0.00182465240704	1003	16568	7769	145715	5.7083	5.0618
AAAGNNAAAG	0.000159063988194	0.00182465240704	1428	16143	11301	142183	8.127	7.363
AAGGNNAAAG	0.00102550322946	0.0102078369206	935	16636	7344	146140	5.3213	4.7849
GGAANAAAG	0.00162456719373	0.0145264521563	1007	16564	7980	145504	5.731	5.1992
AAAGNNNAAAG	0.0108406306667	0.0835048903166	1327	16244	10860	142624	7.5522	7.0757
GAAANNAAAG	0.0767178854536	0.428072527131	1465	16106	12316	141168	8.3376	8.0243
AAGG_AAAG	0.0947449036908	0.449666600643	2720	14851	23179	130305	15.4801	15.1019
GAAANAAAG	0.160403317963	0.582791096252	1374	16197	11675	141809	7.8197	7.6067
AAAGNNNGGAA	0.216857949233	0.623849038706	1001	16570	8520	144964	5.6969	5.5511
AAGGNNNGAAA	0.336142839903	0.707433947985	846	16725	7276	146208	4.8148	4.7406
AAGGNNNAAAG	0.999986111628	0.999999999807	901	16670	9045	144439	5.1278	5.8931
AAAGNNNGAAA	0.999998525947	0.999999999807	1271	16300	12636	140848	7.2335	8.2328
