AAAGNGGAA	0.0	0.0	3668	19386	7759	145725	15.9105	5.0553
AAAG_GGAA	0.0	0.0	5899	17155	21819	131665	25.5878	14.2158
GAAANNGGAA	0.0	0.0	3029	20025	8258	145226	13.1387	5.3804
GAAA_GGAA	0.0	0.0	6108	16946	21388	132096	26.4943	13.935
GGAANNGAAA	0.0	0.0	3354	19700	8220	145264	14.5485	5.3556
GGAANNGGAA	0.0	0.0	2404	20650	5748	147736	10.4277	3.745
GGAA_GAAA	0.0	0.0	5922	17132	22770	130714	25.6875	14.8354
GGAA_GGAA	0.0	0.0	5323	17731	16519	136965	23.0893	10.7627
GGAA	5.17123251026e-300	0.0	23014	40	147545	5939	99.8265	96.1305
GGAANNNGGAA	3.94779632911e-267	0.0	2187	20867	5803	147681	9.4864	3.7809
AAAG	1.6779408158e-245	0.0	22990	64	147992	5492	99.7224	96.4218
AAGG	1.75792565618e-240	0.0	22934	120	147135	6349	99.4795	95.8634
GAAA	3.89188188876e-234	0.0	22969	85	147820	5664	99.6313	96.3097
GAAANNNGGAA	5.01979751143e-143	0.0	2168	20886	7631	145853	9.404	4.9719
GGAANNNAAAG	1.17166363669e-132	0.0	2140	20914	7703	145781	9.2826	5.0188
AAGG_GGAA	1.61328143231e-110	0.0	3774	19280	16999	136485	16.3703	11.0754
AAGGNGGAA	4.03224041404e-109	0.0	1567	21487	5377	148107	6.7971	3.5033
GGAA_AAAG	2.95208277901e-90	0.0	4499	18555	21922	131562	19.5151	14.2829
AAGG_AAGG	9.01331843621e-73	0.0	3346	19708	15958	137526	14.5138	10.3972
GGAA_AAGG	3.50447161024e-72	0.0	3522	19532	16997	136487	15.2772	11.0741
AAAGNNNAAGG	1.07477834945e-70	0.0	1604	21450	6422	147062	6.9576	4.1841
AAAG_AAGG	3.93023157862e-61	0.0	4036	19018	20520	132964	17.5067	13.3695
GAAANGGAA	3.93669604374e-61	0.0	1679	21375	7087	146397	7.2829	4.6174
GGAANGGAA	7.77867201912e-49	0.0	1470	21584	6347	147137	6.3763	4.1353
GAAA_GAAA	8.92129433911e-46	0.0	5593	17461	30913	122571	24.2604	20.1409
AAAGNNGGAA	1.15117473968e-44	0.0	1565	21489	7005	146479	6.7884	4.564
GGAANNNGAAA	1.17783645278e-44	0.0	1765	21289	8113	145371	7.6559	5.2859
AAAGNNGAAA	7.31521916554e-40	0.0	2056	20998	9958	143526	8.9182	6.488
AAGGNNNGGAA	1.3728586813e-35	0.0	1117	21937	4874	148610	4.8451	3.1756
AAGGNGAAA	3.19539005431e-31	0.0	1375	21679	6461	147023	5.9643	4.2096
AAGGNNNAAGG	6.80012006187e-30	0.0	1109	21945	5031	148453	4.8104	3.2779
GGAANAAGG	3.22324002415e-29	0.0	1093	21961	4968	148516	4.741	3.2368
AAGGNAAGG	3.86023463173e-29	0.0	1326	21728	6272	147212	5.7517	4.0864
GGAANNAAGG	1.4770642339e-28	0.0	1314	21740	6229	147255	5.6997	4.0584
AAAGNGAAA	6.62373602582e-27	0.0	1956	21098	10020	143464	8.4844	6.5284
AAGGNNAAGG	6.91254584309e-27	0.0	1247	21807	5922	147562	5.409	3.8584
AAAG_GAAA	1.24726764246e-26	0.0	5091	17963	29271	124213	22.0829	19.071
GAAA_AAGG	3.96301322837e-25	0.0	3373	19681	18692	134792	14.6309	12.1785
GGAANNNAAGG	1.06005951793e-24	0.0	1428	21626	7056	146428	6.1942	4.5972
AAGG_GAAA	1.60650120552e-24	0.0	3598	19456	20128	133356	15.6068	13.1141
GAAANGAAA	3.84815408991e-24	0.0	2384	20670	12738	140746	10.3409	8.2992
GGAANNAAAG	4.17721847665e-21	0.0	1529	21525	7833	145651	6.6323	5.1035
GAAANAAGG	8.0378372776e-18	0.0	1015	22039	5016	148468	4.4027	3.2681
GAAANNNGAAA	9.95901335132e-18	0.0	1929	21125	10433	143051	8.3673	6.7975
GAAANNGAAA	2.53208006494e-17	0.0	2220	20834	12231	141253	9.6296	7.9689
AAAG_AAAG	9.14610944983e-15	2.09388062444e-13	5014	18040	30032	123452	21.7489	19.5669
GAAA_AAAG	2.06378585784e-14	4.54303261677e-13	5162	17892	31025	122459	22.3909	20.2138
GAAANNNAAAG	5.29282999243e-13	1.11141096326e-11	2110	20944	11917	141567	9.1524	7.7643
AAAGNNAAAG	5.36936500375e-13	1.11141096326e-11	2010	21044	11301	142183	8.7187	7.363
AAAGNAAGG	1.62743235751e-10	3.09212200289e-09	1456	21598	8115	145369	6.3156	5.2872
AAGGNNGGAA	2.45584459145e-10	4.42051995009e-09	1412	21642	7861	145623	6.1248	5.1217
GAAANNNAAGG	3.92239938299e-10	6.66807842276e-09	1298	21756	7182	146302	5.6303	4.6793
GGAANGAAA	3.80286059395e-09	6.08457675355e-08	1471	21583	8329	145155	6.3807	5.4266
AAAGNNAAGG	6.50530303466e-09	9.75795416691e-08	1354	21700	7630	145854	5.8732	4.9712
AAGGNAAAG	1.28795655854e-06	1.80312408663e-05	1414	21640	8234	145250	6.1334	5.3647
AAGGNNGAAA	1.33605618674e-06	1.80312408663e-05	1345	21709	7805	145679	5.8341	5.0852
AAAGNAAAG	1.46762884056e-06	1.80312408663e-05	2022	21032	12068	141416	8.7707	7.8627
GAAANNAAGG	7.08551025797e-06	7.79378516512e-05	1326	21728	7769	145715	5.7517	5.0618
AAGGNNAAAG	3.85406291971e-05	0.000385339456735	1244	21810	7344	146140	5.396	4.7849
GAAANNAAAG	0.00551168467898	0.0485254791822	1964	21090	12316	141168	8.5191	8.0243
AAAGNNNAAAG	0.0191205422859	0.143109921139	1719	21335	10860	142624	7.4564	7.0757
GGAANAAAG	0.0277871731337	0.17902595643	1269	21785	7980	145504	5.5045	5.1992
GAAANAAAG	0.0404594666333	0.219487341731	1830	21224	11675	141809	7.9379	7.6067
AAGGNNNGAAA	0.0554455320313	0.248143370631	1149	21905	7276	146208	4.984	4.7406
AAGG_AAAG	0.322279399235	0.789038721586	3509	19545	23179	130305	15.2208	15.1019
AAAGNNNGGAA	0.396399019956	0.789038721586	1290	21764	8520	144964	5.5956	5.5511
AAAGNNNGAAA	0.999999428575	1.0	1685	21369	12636	140848	7.3089	8.2328
AAGGNNNAAAG	0.999999999329	1.0	1134	21920	9045	144439	4.9189	5.8931
