AAAGNGGAA	1.07515045187e-13	7.30793203729e-12	59	332	7759	145725	15.0895	5.0553
GGAA_GGAA	5.00783317262e-11	3.35525185413e-09	87	304	16519	136965	22.2506	10.7627
GAAANNGGAA	9.61758089937e-10	6.34760337626e-08	53	338	8258	145226	13.555	5.3804
GAAA_GGAA	4.02581722339e-09	2.61678086533e-07	98	293	21388	132096	25.0639	13.935
GGAANNNGGAA	6.78231173302e-09	4.3406785688e-07	41	350	5803	147681	10.4859	3.7809
GGAANNGAAA	2.75762662813e-07	1.73728992423e-05	47	344	8220	145264	12.0205	5.3556
AAGG	1.22096583223e-06	7.56970626437e-05	390	1	147135	6349	99.7442	95.8634
AAGG_GGAA	3.5250720225e-06	0.000215006655126	74	317	16999	136485	18.9258	11.0754
GGAANNGGAA	1.68491525699e-05	0.00101044682557	33	358	5748	147736	8.4399	3.745
AAGG_AAGG	3.48201595116e-05	0.00205231629212	67	324	15958	137526	17.1355	10.3972
AAGGNAAGG	3.91222022272e-05	0.00226655958208	34	357	6272	147212	8.6957	4.0864
AAGGNGGAA	0.000158748652314	0.00900856897952	29	362	5377	148107	7.4169	3.5033
AAGGNNNAAGG	0.000287593836539	0.0159785379844	27	364	5031	148453	6.9054	3.2779
GAAANNNGGAA	0.00034590280048	0.0188480565549	36	355	7631	145853	9.2072	4.9719
AAAG_GGAA	0.000484188711153	0.0258135068792	80	311	21819	131665	20.4604	14.2158
GGAA_GAAA	0.00108849279819	0.0560872460263	81	310	22770	130714	20.7161	14.8354
GGAANAAGG	0.00246314437657	0.120359089623	24	367	4968	148516	6.1381	3.2368
AAGGNNGGAA	0.0194266413984	0.632307669393	30	361	7861	145623	7.6726	5.1217
AAAGNNNAAGG	0.0662742382031	0.96756849783	23	368	6422	147062	5.8824	4.1841
AAAG_AAGG	0.0877627202017	0.9889010218	62	329	20520	132964	15.8568	13.3695
AAAGNAAGG	0.0977362019609	0.992821899228	27	364	8115	145369	6.9054	5.2872
AAGGNNNGGAA	0.122322927386	0.99782863209	17	374	4874	148610	4.3478	3.1756
GGAANGGAA	0.137174650321	0.998871625607	21	370	6347	147137	5.3708	4.1353
AAGGNGAAA	0.217460861457	0.999983864848	20	371	6461	147023	5.1151	4.2096
AAAGNNGGAA	0.253454561528	0.999997402983	21	370	7005	146479	5.3708	4.564
GAAANNAAGG	0.25955055496	0.999997554866	23	368	7769	145715	5.8824	5.0618
GAAANNGAAA	0.261464272237	0.999997554866	35	356	12231	141253	8.9514	7.9689
AAAGNNGAAA	0.322496671063	0.99999988322	28	363	9958	143526	7.1611	6.488
GAAANNNGAAA	0.415846822275	0.999999999542	28	363	10433	143051	7.1611	6.7975
GAAA_AAGG	0.438378727754	0.999999999831	49	342	18692	134792	12.532	12.1785
AAGGNNAAGG	0.441158993813	0.999999999831	16	375	5922	147562	4.0921	3.8584
GAAANGGAA	0.443154717144	0.999999999831	19	372	7087	146397	4.8593	4.6174
GGAANNNGAAA	0.501759852142	0.999999999987	21	370	8113	145371	5.3708	5.2859
GGAA_AAGG	0.543122672356	0.999999999999	43	348	16997	136487	10.9974	11.0741
GGAA	0.554589249357	0.999999999999	376	15	147545	5939	96.1637	96.1305
GAAANNNAAGG	0.561766720487	0.999999999999	18	373	7182	146302	4.6036	4.6793
AAAG	0.571439527324	0.999999999999	377	14	147992	5492	96.4194	96.4218
AAGGNAAAG	0.6182964334	1.0	20	371	8234	145250	5.1151	5.3647
GAAANGAAA	0.76157597393	1.0	29	362	12738	140746	7.4169	8.2992
GAAA_GAAA	0.783085808682	1.0	73	318	30913	122571	18.6701	20.1409
GGAANNAAAG	0.847666548539	1.0	16	375	7833	145651	4.0921	5.1035
GGAANGAAA	0.855003298838	1.0	17	374	8329	145155	4.3478	5.4266
AAAGNNNGGAA	0.877421226023	1.0	17	374	8520	144964	4.3478	5.5511
GAAANAAGG	0.893399552291	1.0	9	382	5016	148468	2.3018	3.2681
AAGGNNAAAG	0.895601358031	1.0	14	377	7344	146140	3.5806	4.7849
GGAANNNAAGG	0.912367735488	1.0	13	378	7056	146428	3.3248	4.5972
AAAGNNAAGG	0.922158129295	1.0	14	377	7630	145854	3.5806	4.9712
AAAGNNAAAG	0.925434557736	1.0	22	369	11301	142183	5.6266	7.363
AAAGNNNAAAG	0.925847493195	1.0	21	370	10860	142624	5.3708	7.0757
AAAGNGAAA	0.929920719606	1.0	19	372	10020	143464	4.8593	6.5284
AAAG_GAAA	0.956116650984	1.0	62	329	29271	124213	15.8568	19.071
GGAANNNAAAG	0.957589709889	1.0	13	378	7703	145781	3.3248	5.0188
AAGGNNNAAAG	0.972916902658	1.0	15	376	9045	144439	3.8363	5.8931
GAAANNNAAAG	0.973835538432	1.0	21	370	11917	141567	5.3708	7.7643
AAAG_AAAG	0.974372923934	1.0	62	329	30032	123452	15.8568	19.5669
AAAGNAAAG	0.977729522715	1.0	21	370	12068	141416	5.3708	7.8627
GGAANNAAGG	0.978309914109	1.0	9	382	6229	147255	2.3018	4.0584
GAAA	0.979402236918	1.0	369	22	147820	5664	94.3734	96.3097
AAGG_AAAG	0.98827895279	1.0	44	347	23179	130305	11.2532	15.1019
AAAGNNNGAAA	0.998182222006	1.0	18	373	12636	140848	4.6036	8.2328
AAGG_GAAA	0.99848759369	1.0	33	358	20128	133356	8.4399	13.1141
AAGGNNGAAA	0.999323355948	1.0	8	383	7805	145679	2.046	5.0852
GAAANNAAAG	0.999721455785	1.0	15	376	12316	141168	3.8363	8.0243
AAGGNNNGAAA	0.999828346674	1.0	6	385	7276	146208	1.5345	4.7406
GGAA_AAAG	0.999916402521	1.0	32	359	21922	131562	8.1841	14.2829
GAAANAAAG	0.999953059262	1.0	12	379	11675	141809	3.0691	7.6067
GGAANAAAG	0.999958783199	1.0	6	385	7980	145504	1.5345	5.1992
GAAA_AAAG	0.99999980454	1.0	42	349	31025	122459	10.7417	20.2138
