AAAG	0.0	0.0	76477	265	147992	5492	99.6547	96.4218
AAGG	0.0	0.0	76032	710	147135	6349	99.0748	95.8634
GAAA	0.0	0.0	76344	398	147820	5664	99.4814	96.3097
GGAA	0.0	0.0	76380	362	147545	5939	99.5283	96.1305
AAAGNGGAA	1.80665373369e-209	0.0	6457	70285	7759	145725	8.4139	5.0553
GGAA_GGAA	7.37391574781e-165	0.0	11326	65416	16519	136965	14.7585	10.7627
GAAA_GGAA	3.74244801911e-114	0.0	13480	63262	21388	132096	17.5653	13.935
GGAANNGGAA	3.13359801952e-103	0.0	4405	72337	5748	147736	5.74	3.745
AAAG_GGAA	7.60312553611e-97	0.0	13482	63260	21819	131665	17.568	14.2158
GGAANNNGGAA	1.48075374292e-86	0.0	4295	72447	5803	147681	5.5967	3.7809
GAAANNGGAA	8.38868809277e-72	0.0	5593	71149	8258	145226	7.2881	5.3804
AAGG_AAGG	6.62392581231e-36	0.0	9310	67432	15958	137526	12.1316	10.3972
GAAANNNGGAA	1.36544813027e-33	0.0	4746	71996	7631	145853	6.1844	4.9719
GGAA_AAGG	1.88268991071e-24	0.0	9605	67137	16997	136487	12.516	11.0741
GAAANGGAA	3.20344735689e-24	0.0	4293	72449	7087	146397	5.5941	4.6174
AAGG_GGAA	7.41719377257e-24	0.0	9591	67151	16999	136485	12.4977	11.0754
AAAG_AAGG	1.22726474201e-22	0.0	11406	65336	20520	132964	14.8628	13.3695
GGAA_GAAA	1.54720074646e-22	0.0	12577	64165	22770	130714	16.3887	14.8354
AAGGNNNGGAA	3.23644345138e-22	0.0	3039	73703	4874	148610	3.96	3.1756
AAGGNGGAA	2.14119487597e-20	0.0	3288	73454	5377	148107	4.2845	3.5033
AAGGNNNAAGG	1.32712373462e-18	0.0	3067	73675	5031	148453	3.9965	3.2779
AAAGNNNAAGG	2.73565323056e-16	1.04360964315e-14	3782	72960	6422	147062	4.9282	4.1841
AAGGNAAGG	4.24069839734e-16	2.04281036531e-14	3697	73045	6272	147212	4.8174	4.0864
AAAGNNGGAA	8.59164415775e-16	3.99680288865e-14	4086	72656	7005	146479	5.3243	4.564
GGAANGGAA	1.72327686738e-15	7.81597009336e-14	3725	73017	6347	147137	4.8539	4.1353
AAGGNGAAA	2.82244835869e-15	1.19348975147e-13	3782	72960	6461	147023	4.9282	4.2096
GGAANNAAGG	8.72764163507e-14	3.66506824889e-12	3625	73117	6229	147255	4.7236	4.0584
AAAGNNGAAA	1.87921155322e-13	7.70639108083e-12	5602	71140	9958	143526	7.2998	6.488
GGAANNGAAA	4.35066367907e-13	1.7403856134e-11	4672	72070	8220	145264	6.0879	5.3556
GGAANNAAAG	3.73250777839e-11	1.45567624621e-09	4416	72326	7833	145651	5.7543	5.1035
GGAANNNGAAA	1.09836604064e-10	4.17379020234e-09	4551	72191	8113	145371	5.9303	5.2859
GGAA_AAAG	1.26830072855e-10	4.69271377312e-09	11722	65020	21922	131562	15.2746	14.2829
GAAA_AAGG	1.63666331129e-10	5.89198689838e-09	10054	66688	18692	134792	13.101	12.1785
GGAANNNAAAG	2.3906383839e-10	8.36723579312e-09	4325	72417	7703	145781	5.6358	5.0188
AAGG_GAAA	5.7148475863e-10	1.9430481224e-08	10771	65971	20128	133356	14.0353	13.1141
GAAANAAGG	4.15156855421e-08	1.3700167133e-06	2841	73901	5016	148468	3.702	3.2681
GGAANAAGG	5.63156734144e-08	1.80209997758e-06	2812	73930	4968	148516	3.6642	3.2368
AAGGNNAAGG	7.74209131688e-08	2.40004551966e-06	3313	73429	5922	147562	4.3171	3.8584
AAAG_AAAG	4.45939224867e-07	1.33780902419e-05	15683	61059	30032	123452	20.436	19.5669
AAAG_GAAA	6.77036621411e-07	1.9633875921e-05	15285	61457	29271	124213	19.9174	19.071
AAAGNAAAG	1.11676196559e-06	3.1268863615e-05	6473	70269	12068	141416	8.4348	7.8627
AAAGNAAGG	2.49471261041e-06	6.73550560452e-05	4411	72331	8115	145369	5.7478	5.2872
GGAANNNAAGG	2.55436389149e-06	6.73550560452e-05	3859	72883	7056	146428	5.0285	4.5972
AAAGNNAAGG	5.08250835185e-06	0.000127054959531	4147	72595	7630	145854	5.4038	4.9712
GAAANNNGAAA	7.20918948314e-06	0.000173006203968	5593	71149	10433	143051	7.2881	6.7975
GAAANNNAAGG	2.68753424465e-05	0.000617950172783	3886	72856	7182	146302	5.0637	4.6793
AAAGNGAAA	2.95088313003e-05	0.000648993180044	5352	71390	10020	143464	6.974	6.5284
GGAANGAAA	0.000173080865961	0.00362841410874	4444	72298	8329	145155	5.7908	5.4266
GAAA_GAAA	0.000338116513917	0.00674065295349	15922	60820	30913	122571	20.7474	20.1409
AAAGNNAAAG	0.00458460748769	0.0836050431262	5884	70858	11301	142183	7.6672	7.363
GAAANNNAAAG	0.0118493631102	0.193105438895	6166	70576	11917	141567	8.0347	7.7643
AAGGNAAAG	0.0240056003653	0.338386229332	4270	72472	8234	145250	5.5641	5.3647
AAGGNNGAAA	0.0442683978302	0.515409221304	4031	72711	7805	145679	5.2527	5.0852
GAAANNGAAA	0.0523459271816	0.553576033587	6266	70476	12231	141253	8.165	7.9689
GAAANNAAGG	0.0909475891056	0.736824824514	3985	72757	7769	145715	5.1927	5.0618
GAAA_AAAG	0.197989749693	0.943201228014	15629	61113	31025	122459	20.3656	20.2138
AAGGNNAAAG	0.275333900151	0.979027251737	3716	73026	7344	146140	4.8422	4.7849
AAAGNNNAAAG	0.317671800674	0.985074581327	5472	71270	10860	142624	7.1304	7.0757
GAAANGAAA	0.325805466958	0.985074581327	6412	70330	12738	140746	8.3553	8.2992
AAGGNNNGAAA	0.337296126024	0.985074581327	3669	73073	7276	146208	4.781	4.7406
AAGGNNGGAA	0.380260456793	0.985074581327	3954	72788	7861	145623	5.1523	5.1217
GAAANAAAG	0.863305227969	0.999999108208	5740	71002	11675	141809	7.4796	7.6067
GGAANAAAG	0.964127628833	0.999999997869	3856	72886	7980	145504	5.0246	5.1992
GAAANNAAAG	0.998116439434	1.0	5894	70848	12316	141168	7.6803	8.0243
AAAGNNNGGAA	0.999875880439	1.0	3980	72762	8520	144964	5.1862	5.5511
AAAGNNNGAAA	0.999993619856	1.0	5917	70825	12636	140848	7.7102	8.2328
AAGG_AAAG	0.999999720914	1.0	10988	65754	23179	130305	14.3181	15.1019
AAGGNNNAAAG	0.999999999943	1.0	3811	72931	9045	144439	4.966	5.8931
