AAAGNGGAA	5.44872722457e-17	0.0	44	151	7759	145725	22.5641	5.0553
AAAG_GGAA	7.50506017995e-07	5.02826578599e-05	54	141	21819	131665	27.6923	14.2158
GGAANNNGGAA	1.90508797573e-05	0.00125657988252	21	174	5803	147681	10.7692	3.7809
GAAANNGGAA	2.05595416924e-05	0.0013354913844	26	169	8258	145226	13.3333	5.3804
GAAA_GGAA	0.000103732948192	0.00661726189956	47	148	21388	132096	24.1026	13.935
AAGGNGGAA	0.000200332259512	0.0125428708893	18	177	5377	148107	9.2308	3.5033
GGAANNGAAA	0.0003512006403	0.0215428300103	23	172	8220	145264	11.7949	5.3556
AAGG_GGAA	0.000796043480244	0.0474169555022	37	158	16999	136485	18.9744	11.0754
GGAA_GGAA	0.000926893512312	0.0541198418045	36	159	16519	136965	18.4615	10.7627
GAAANNNGGAA	0.00187241335231	0.104681664709	20	175	7631	145853	10.2564	4.9719
GGAA_GAAA	0.0124874423378	0.517527719083	41	154	22770	130714	21.0256	14.8354
AAGGNNGGAA	0.0235658066376	0.743167590787	17	178	7861	145623	8.7179	5.1217
AAGG	0.037742520423	0.88403884041	192	3	147135	6349	98.4615	95.8634
GGAANNAAGG	0.0560425353374	0.958083657234	13	182	6229	147255	6.6667	4.0584
GGAANAAGG	0.103762892329	0.9973032682	10	185	4968	148516	5.1282	3.2368
AAAGNAAGG	0.153544308658	0.999854445995	14	181	8115	145369	7.1795	5.2872
AAGGNNNAAGG	0.192870738101	0.99998551092	9	186	5031	148453	4.6154	3.2779
GGAANNGGAA	0.198149719343	0.999987154306	10	185	5748	147736	5.1282	3.745
AAGGNAAGG	0.277010676795	0.999999909511	10	185	6272	147212	5.1282	4.0864
AAGGNNGAAA	0.290697471007	0.999999950938	12	183	7805	145679	6.1538	5.0852
AAGG_AAGG	0.293226446069	0.999999950938	23	172	15958	137526	11.7949	10.3972
GGAA_AAGG	0.407273990908	0.999999999979	23	172	16997	136487	11.7949	11.0741
GGAANGAAA	0.491470951251	1.0	11	184	8329	145155	5.641	5.4266
GAAANNAAGG	0.528719709798	1.0	10	185	7769	145715	5.1282	5.0618
AAAG_AAGG	0.537667825009	1.0	26	169	20520	132964	13.3333	13.3695
GAAANGGAA	0.548086545319	1.0	9	186	7087	146397	4.6154	4.6174
AAAGNNGAAA	0.616523133168	1.0	12	183	9958	143526	6.1538	6.488
GGAANNNAAAG	0.648074494802	1.0	9	186	7703	145781	4.6154	5.0188
AAAGNNGGAA	0.669567710755	1.0	8	187	7005	146479	4.1026	4.564
GGAANGGAA	0.699593691987	1.0	7	188	6347	147137	3.5897	4.1353
GAAANNNAAAG	0.754037677348	1.0	13	182	11917	141567	6.6667	7.7643
GGAANNNGAAA	0.813461080219	1.0	8	187	8113	145371	4.1026	5.2859
AAGGNNNAAAG	0.816818299204	1.0	9	186	9045	144439	4.6154	5.8931
AAAGNNNAAGG	0.828630643139	1.0	6	189	6422	147062	3.0769	4.1841
AAAGNAAAG	0.846849165432	1.0	12	183	12068	141416	6.1538	7.8627
GAAANNGAAA	0.859002619946	1.0	12	183	12231	141253	6.1538	7.9689
GGAA	0.862421834261	1.0	185	10	147545	5939	94.8718	96.1305
GAAANNNAAGG	0.897194464984	1.0	6	189	7182	146302	3.0769	4.6793
AAAGNNNGGAA	0.91980948246	1.0	7	188	8520	144964	3.5897	5.5511
AAAGNNAAGG	0.925495095688	1.0	6	189	7630	145854	3.0769	4.9712
AAGG_GAAA	0.938066087747	1.0	19	176	20128	133356	9.7436	13.1141
AAGGNNAAGG	0.945059954518	1.0	4	191	5922	147562	2.0513	3.8584
AAGGNNAAAG	0.958713259474	1.0	5	190	7344	146140	2.5641	4.7849
AAAGNNNGAAA	0.963771572073	1.0	10	185	12636	140848	5.1282	8.2328
AAGGNGAAA	0.965902218703	1.0	4	191	6461	147023	2.0513	4.2096
GAAA_AAGG	0.970079797379	1.0	16	179	18692	134792	8.2051	12.1785
AAAG	0.975835783972	1.0	183	12	147992	5492	93.8462	96.4218
AAGGNNNGGAA	0.986297006903	1.0	2	193	4874	148610	1.0256	3.1756
AAAGNNNAAAG	0.98648338256	1.0	7	188	10860	142624	3.5897	7.0757
GGAANAAAG	0.991877517447	1.0	4	191	7980	145504	2.0513	5.1992
AAAG_GAAA	0.99205062547	1.0	25	170	29271	124213	12.8205	19.071
AAGGNNNGAAA	0.995550346151	1.0	3	192	7276	146208	1.5385	4.7406
GAAANGAAA	0.997351259738	1.0	7	188	12738	140746	3.5897	8.2992
GAAA	0.99741575074	1.0	180	15	147820	5664	92.3077	96.3097
GAAANNNGAAA	0.997543488459	1.0	5	190	10433	143051	2.5641	6.7975
GGAANNAAAG	0.997567465687	1.0	3	192	7833	145651	1.5385	5.1035
GAAANAAAG	0.99760765729	1.0	6	189	11675	141809	3.0769	7.6067
AAGGNAAAG	0.998435868059	1.0	3	192	8234	145250	1.5385	5.3647
AAGG_AAAG	0.998630676344	1.0	16	179	23179	130305	8.2051	15.1019
GAAANNAAAG	0.998705496862	1.0	6	189	12316	141168	3.0769	8.0243
AAAGNGAAA	0.998996308237	1.0	4	191	10020	143464	2.0513	6.5284
GAAA_GAAA	0.999252569645	1.0	23	172	30913	122571	11.7949	20.1409
GGAA_AAAG	0.999280640037	1.0	14	181	21922	131562	7.1795	14.2829
GAAA_AAAG	0.99931166749	1.0	23	172	31025	122459	11.7949	20.2138
AAAG_AAAG	0.999669854953	1.0	21	174	30032	123452	10.7692	19.5669
AAAGNNAAAG	0.999749634763	1.0	4	191	11301	142183	2.0513	7.363
GGAANNNAAGG	0.999896145616	1.0	1	194	7056	146428	0.5128	4.5972
GAAANAAGG	0.999999999829	1.0	0	195	5016	148468	0.0	3.2681
