GAAA	1.11361818521e-230	0.0	19895	49	147820	5664	99.7543	96.3097
AAAG	1.23523020858e-227	0.0	19900	44	147992	5492	99.7794	96.4218
AAAGNGGAA	1.05569777711e-189	0.0	2128	17816	7759	145725	10.6699	5.0553
GGAA	1.89448342546e-184	0.0	19832	112	147545	5939	99.4384	96.1305
AAGG	3.23433061093e-129	0.0	19721	223	147135	6349	98.8819	95.8634
GAAA_GGAA	1.17990707053e-96	0.0	3925	16019	21388	132096	19.6801	13.935
AAAG_GGAA	3.8543598005e-87	0.0	3927	16017	21819	131665	19.6901	14.2158
GAAANNGGAA	3.56478282463e-65	0.0	1702	18242	8258	145226	8.5339	5.3804
GGAA_GGAA	3.75301279032e-65	0.0	2984	16960	16519	136965	14.9619	10.7627
GGAANNGGAA	9.79485307175e-42	0.0	1166	18778	5748	147736	5.8464	3.745
GGAANNNGGAA	3.11856445702e-41	0.0	1172	18772	5803	147681	5.8765	3.7809
GAAANNNGGAA	4.61883740706e-29	0.0	1378	18566	7631	145853	6.9093	4.9719
AAAG_GAAA	3.42531393591e-25	0.0	4425	15519	29271	124213	22.1871	19.071
GGAA_GAAA	8.01601120485e-23	0.0	3494	16450	22770	130714	17.5191	14.8354
AAAGNNGAAA	6.71837346743e-20	0.0	1644	18300	9958	143526	8.2431	6.488
GAAA_GAAA	1.14924363642e-18	0.0	4553	15391	30913	122571	22.8289	20.1409
GGAANNGAAA	7.7750404301e-18	0.0	1370	18574	8220	145264	6.8692	5.3556
AAAG_AAAG	8.3715698963e-18	0.0	4419	15525	30032	123452	22.157	19.5669
GAAANGGAA	5.3563221977e-16	2.77555756156e-14	1186	18758	7087	146397	5.9467	4.6174
GAAA_AAAG	7.13995269779e-15	3.48165940522e-13	4503	15441	31025	122459	22.5782	20.2138
AAAGNGAAA	7.80362582867e-14	3.7463365743e-12	1586	18358	10020	143464	7.9523	6.5284
GGAANNNAAAG	1.6170591897e-13	7.60269625033e-12	1250	18694	7703	145781	6.2675	5.0188
GAAANNNGAAA	1.63475719022e-12	7.5200956573e-11	1628	18316	10433	143051	8.1629	6.7975
AAGGNGAAA	1.74458168597e-11	7.85062015396e-10	1048	18896	6461	147023	5.2547	4.2096
AAAGNAAAG	3.22389963127e-11	1.41851552726e-09	1840	18104	12068	141416	9.2258	7.8627
GAAANNNAAAG	5.73928229812e-10	2.46789139124e-08	1800	18144	11917	141567	9.0253	7.7643
GGAA_AAAG	8.34605846344e-10	3.50534442584e-08	3171	16773	21922	131562	15.8995	14.2829
AAAGNNNAAGG	5.39645777425e-09	2.2125474286e-07	1013	18931	6422	147062	5.0792	4.1841
AAAG_AAGG	1.44197489938e-07	5.76788337947e-06	2933	17011	20520	132964	14.7062	13.3695
GAAANNGAAA	8.84976032859e-07	3.45134849511e-05	1788	18156	12231	141253	8.9651	7.9689
GGAANNNGAAA	1.86910936375e-06	7.10236998972e-05	1214	18730	8113	145371	6.087	5.2859
GAAANGAAA	3.59582217318e-06	0.000133036809429	1845	18099	12738	140746	9.2509	8.2992
AAAGNNGGAA	3.64390335887e-06	0.000133036809429	1055	18889	7005	146479	5.2898	4.564
AAAGNNAAAG	4.75533134555e-06	0.000166423142959	1646	18298	11301	142183	8.2531	7.363
GAAANAAGG	7.99567805837e-06	0.000271817191825	771	19173	5016	148468	3.8658	3.2681
AAGGNGGAA	1.05749707596e-05	0.000348914995276	820	19124	5377	148107	4.1115	3.5033
AAGG_GAAA	1.17062127757e-05	0.000374530847211	2833	17111	20128	133356	14.2048	13.1141
GGAANNAAAG	3.32935983322e-05	0.00103158627853	1153	18791	7833	145651	5.7812	5.1035
GAAA_AAGG	7.94037340897e-05	0.00237937139964	2617	17327	18692	134792	13.1217	12.1785
AAAGNNNAAAG	0.000137605551742	0.00398288278599	1554	18390	10860	142624	7.7918	7.0757
GGAANGAAA	0.000354828288696	0.00988774673418	1200	18744	8329	145155	6.0168	5.4266
GGAANGGAA	0.00159122085497	0.0420859097393	915	19029	6347	147137	4.5878	4.1353
AAGGNNNGGAA	0.00181193169166	0.0460585245108	712	19232	4874	148610	3.57	3.1756
AAGG_AAGG	0.00249736952603	0.0605985190203	2204	17740	15958	137526	11.0509	10.3972
GAAANNNAAGG	0.00306295913318	0.0709789022333	1022	18922	7182	146302	5.1243	4.6793
AAGGNAAAG	0.00348624379856	0.077182420664	1163	18781	8234	145250	5.8313	5.3647
AAGGNNAAGG	0.00399329617171	0.0842651256772	848	19096	5922	147562	4.2519	3.8584
GAAANAAAG	0.00625919929755	0.123533043265	1618	18326	11675	141809	8.1127	7.6067
GAAANNAAAG	0.00703806020623	0.131735496794	1702	18242	12316	141168	8.5339	8.0243
AAGG_GGAA	0.0123305115293	0.210010873673	2316	17628	16999	136485	11.6125	11.0754
GGAA_AAGG	0.0150572095355	0.238976441558	2312	17632	16997	136487	11.5925	11.0741
AAAGNNAAGG	0.0210315960387	0.303265237973	1059	18885	7630	145854	5.3099	4.9712
GGAANNAAGG	0.0842304988898	0.755331077013	851	19093	6229	147255	4.2669	4.0584
GGAANNNAAGG	0.129717541443	0.875576203312	953	18991	7056	146428	4.7784	4.5972
AAAGNAAGG	0.1564917599	0.907689604219	1089	18855	8115	145369	5.4603	5.2872
AAGGNAAGG	0.19608229803	0.941419821185	841	19103	6272	147212	4.2168	4.0864
AAAGNNNGAAA	0.215441359906	0.945611771414	1675	18269	12636	140848	8.3985	8.2328
AAGGNNNGAAA	0.275292598167	0.971040592819	965	18979	7276	146208	4.8385	4.7406
AAGGNNNAAGG	0.277672368101	0.971040592819	670	19274	5031	148453	3.3594	3.2779
GGAANAAGG	0.286725451419	0.971040592819	661	19283	4968	148516	3.3143	3.2368
AAGGNNGAAA	0.615050954855	0.999517801368	1005	18939	7805	145679	5.0391	5.0852
GAAANNAAGG	0.75812653071	0.999951569647	987	18957	7769	145715	4.9489	5.0618
GGAANAAAG	0.928330311361	0.999999864477	989	18955	7980	145504	4.9589	5.1992
AAGGNNAAAG	0.94138227242	0.999999864477	905	19039	7344	146140	4.5377	4.7849
AAAGNNNGGAA	0.959839388191	0.999999864477	1048	18896	8520	144964	5.2547	5.5511
AAGGNNGGAA	0.997378619003	0.999999981987	931	19013	7861	145623	4.6681	5.1217
AAGG_AAAG	0.999751356676	0.999999981987	2827	17117	23179	130305	14.1747	15.1019
AAGGNNNAAAG	1.0	1.0	926	19018	9045	144439	4.643	5.8931
