Motif	cdc_pdc_pu1	cdc_pu1_irf8_up_summit_final	cdp_mpp_pu1	cdp_pu1_irf8_up_summit_final	irf8_dup_summits_500_4	mpp_cdp_pu1	mpp_pu1_irf8_up_summit_final	pdc_cdc_pu1	pdc_pu1_irf8_up_summit_final	pu1_cdc_irf8_summit_500	pu1_cdp_irf8_summit_500	pu1_mpp_irf8_summit_500	pu1_pdc_irf8_summit_500
AAAG	17512	1172	22990	377	76477	19900	183	16110	305	6900	7234	4246	3427
AAAGNAAAG	1540	60	2022	21	6473	1840	12	1399	27	509	565	361	285
AAAGNAAGG	1085	99	1456	27	4411	1089	14	959	20	448	488	266	206
AAAGNGAAA	1445	83	1956	19	5352	1586	4	1314	15	505	565	288	256
AAAGNGGAA	3228	207	3668	59	6457	2128	44	1923	63	1248	1149	835	672
AAAGNNAAAG	1428	66	2010	22	5884	1646	4	1364	19	516	582	303	280
AAAGNNAAGG	1038	54	1354	14	4147	1059	6	911	18	380	438	241	199
AAAGNNGAAA	1617	70	2056	28	5602	1644	12	1329	32	541	507	351	284
AAAGNNGGAA	1365	79	1565	21	4086	1055	8	850	13	487	495	234	205
AAAGNNNAAAG	1327	56	1719	21	5472	1554	7	1168	14	447	477	314	219
AAAGNNNAAGG	1221	97	1604	23	3782	1013	6	949	17	473	475	255	207
AAAGNNNGAAA	1271	76	1685	18	5917	1675	10	1136	12	488	532	298	254
AAAGNNNGGAA	1001	70	1290	17	3980	1048	7	814	17	392	428	230	171
AAAG_AAAG	3771	167	5014	62	15683	4419	21	3447	56	1314	1438	848	684
AAAG_AAGG	3094	233	4036	62	11406	2933	26	2601	53	1195	1278	719	558
AAAG_GAAA	3870	208	5091	62	15285	4425	25	3401	56	1376	1443	859	724
AAAG_GGAA	5053	318	5899	80	13482	3927	54	3329	88	1926	1858	1208	961
AAGG	17494	1179	22934	390	76032	19721	192	16088	306	6918	7233	4221	3424
AAGGNAAAG	1100	67	1414	20	4270	1163	3	956	23	398	421	229	196
AAGGNAAGG	1071	74	1326	34	3697	841	10	844	15	389	454	196	182
AAGGNGAAA	1118	54	1375	20	3782	1048	4	908	17	398	387	214	203
AAGGNGGAA	1321	63	1567	29	3288	820	18	812	17	421	422	195	192
AAGGNNAAAG	935	54	1244	14	3716	905	5	819	9	361	391	211	174
AAGGNNAAGG	1008	105	1247	16	3313	848	4	757	10	397	395	212	160
AAGGNNGAAA	1037	48	1345	8	4031	1005	12	854	14	383	408	223	182
AAGGNNGGAA	1153	107	1412	30	3954	931	17	804	14	452	459	252	192
AAGGNNNAAAG	901	46	1134	15	3811	926	9	742	5	329	339	185	158
AAGGNNNAAGG	851	48	1109	27	3067	670	9	658	14	336	366	170	157
AAGGNNNGAAA	846	65	1149	6	3669	965	3	738	23	318	358	206	168
AAGGNNNGGAA	882	61	1117	17	3039	712	2	674	18	321	353	172	143
AAGG_AAAG	2720	162	3509	44	10988	2827	16	2358	35	998	1051	578	491
AAGG_AAGG	2662	207	3346	67	9310	2204	23	2085	37	1026	1093	547	464
AAGG_GAAA	2805	161	3598	33	10771	2833	19	2331	54	1037	1070	610	517
AAGG_GGAA	3115	219	3774	74	9591	2316	37	2151	49	1109	1139	580	495
GAAA	17489	1166	22969	369	76344	19895	180	16102	305	6891	7217	4239	3426
GAAANAAAG	1374	94	1830	12	5740	1618	6	1263	29	490	548	305	264
GAAANAAGG	829	33	1015	9	2841	771	0	600	6	306	311	183	151
GAAANGAAA	1782	68	2384	29	6412	1845	7	1534	47	546	594	336	283
GAAANGGAA	1363	84	1679	19	4293	1186	9	1027	15	442	498	272	236
GAAANNAAAG	1465	57	1964	15	5894	1702	6	1308	16	469	516	321	261
GAAANNAAGG	1003	83	1326	23	3985	987	10	851	12	367	429	223	192
GAAANNGAAA	1681	74	2220	35	6266	1788	12	1486	25	556	643	357	302
GAAANNGGAA	2613	183	3029	53	5593	1702	26	1546	48	954	907	556	434
GAAANNNAAAG	1661	83	2110	21	6166	1800	13	1379	21	541	573	347	285
GAAANNNAAGG	986	47	1298	18	3886	1022	6	877	10	322	383	203	180
GAAANNNGAAA	1467	64	1929	28	5593	1628	5	1270	16	485	512	317	271
GAAANNNGGAA	1826	99	2168	36	4746	1378	20	1189	28	653	650	375	335
GAAA_AAAG	3967	217	5162	42	15629	4503	23	3459	61	1332	1427	867	707
GAAA_AAGG	2599	158	3373	49	10054	2617	16	2178	28	928	1046	573	494
GAAA_GAAA	4211	178	5593	73	15922	4553	23	3667	74	1389	1523	888	730
GAAA_GGAA	5172	326	6108	98	13480	3925	47	3430	84	1829	1836	1075	914
GGAA	17559	1170	23014	376	76380	19832	185	16131	305	6932	7261	4250	3440
GGAANAAAG	1007	54	1269	6	3856	989	4	831	18	373	395	218	164
GGAANAAGG	813	44	1093	24	2812	661	10	684	8	308	342	153	157
GGAANGAAA	1196	82	1471	17	4444	1200	11	959	20	448	461	267	204
GGAANGGAA	1188	84	1470	21	3725	915	7	836	17	405	460	224	194
GGAANNAAAG	1231	89	1529	16	4416	1153	3	954	18	459	466	247	205
GGAANNAAGG	1067	55	1314	9	3625	851	13	830	11	413	444	223	180
GGAANNGAAA	2374	105	3354	47	4672	1370	23	1871	40	573	708	319	344
GGAANNGGAA	2060	72	2404	33	4405	1166	10	1179	22	646	668	334	300
GGAANNNAAAG	1587	84	2140	13	4325	1250	9	1248	29	497	535	294	275
GGAANNNAAGG	1159	105	1428	13	3859	953	1	849	14	416	432	227	187
GGAANNNGAAA	1486	79	1765	21	4551	1214	8	1033	22	521	556	272	240
GGAANNNGGAA	1881	130	2187	41	4295	1172	21	1109	25	652	620	343	283
GGAA_AAAG	3497	207	4499	32	11722	3171	14	2798	57	1210	1265	688	594
GGAA_AAGG	2803	200	3522	43	9605	2312	23	2210	31	1041	1100	566	482
GGAA_GAAA	4574	239	5922	81	12577	3494	41	3524	68	1390	1542	783	726
GGAA_GGAA	4532	266	5323	87	11326	2984	36	2848	59	1515	1545	824	701
