Motif	cdc_pdc_pu1	cdc_pu1_irf8_up_summit_final	cdp_mpp_pu1	cdp_pu1_irf8_up_summit_final	irf8_dup_summits_500_4	mpp_cdp_pu1	mpp_pu1_irf8_up_summit_final	pdc_cdc_pu1	pdc_pu1_irf8_up_summit_final	pu1_cdc_irf8_summit_500	pu1_cdp_irf8_summit_500	pu1_mpp_irf8_summit_500	pu1_pdc_irf8_summit_500
AAAG	129170	7301	168238	2307	541910	151313	1075	115070	1840	46451	48594	30064	23436
AAAGNAAAG	1719	66	2282	22	7475	2063	12	1604	27	598	663	409	316
AAAGNAAGG	1142	106	1546	27	4717	1125	14	998	24	486	534	277	219
AAAGNGAAA	1598	89	2149	19	5722	1661	4	1447	17	548	605	297	285
AAAGNGGAA	3548	211	4069	59	6863	2299	48	2091	68	1374	1256	924	733
AAAGNNAAAG	1584	72	2228	26	6355	1765	4	1526	19	577	629	325	311
AAAGNNAAGG	1121	55	1461	14	4513	1107	6	987	18	421	482	250	215
AAAGNNGAAA	1738	78	2202	32	5896	1748	12	1411	34	582	535	368	295
AAAGNNGGAA	1449	81	1659	21	4269	1089	8	890	13	506	520	246	220
AAAGNNNAAAG	1409	57	1842	21	5774	1653	7	1259	14	472	510	330	226
AAAGNNNAAGG	1291	97	1765	23	3943	1052	6	1032	17	500	508	263	215
AAAGNNNGAAA	1470	91	1995	24	7366	1955	10	1329	12	607	668	348	332
AAAGNNNGGAA	1072	73	1366	17	4212	1096	7	848	17	418	457	238	176
AAAG_AAAG	4561	184	6134	69	18876	5262	22	4196	58	1596	1742	1022	818
AAAG_AAGG	3517	254	4705	64	13011	3244	26	2979	59	1393	1495	782	643
AAAG_GAAA	4725	256	6236	74	18736	5304	26	4129	63	1715	1779	1003	899
AAAG_GGAA	6043	365	7055	97	15282	4477	63	3814	98	2289	2221	1407	1126
AAGG	107546	6920	135533	2021	405553	102376	1024	89551	1543	40244	41616	23066	19216
AAGGNAAAG	1183	68	1539	20	4471	1218	4	1046	23	427	461	244	205
AAGGNAAGG	1196	81	1487	35	4209	903	10	947	18	446	538	210	217
AAGGNGAAA	1187	62	1493	21	3954	1082	5	953	17	430	426	223	219
AAGGNGGAA	1440	66	1714	29	3422	857	18	846	19	456	453	202	200
AAGGNNAAAG	986	54	1350	14	3858	942	5	885	9	382	425	214	180
AAGGNNAAGG	1131	107	1546	16	3644	896	4	860	10	468	513	223	185
AAGGNNGAAA	1091	50	1427	8	4243	1055	12	894	14	405	431	232	190
AAGGNNGGAA	1378	112	1733	31	5201	1083	19	947	14	574	584	318	225
AAGGNNNAAAG	961	48	1209	15	3985	964	9	769	5	347	362	190	165
AAGGNNNAAGG	914	48	1244	27	3207	707	9	723	14	351	397	175	161
AAGGNNNGAAA	880	65	1208	6	3850	995	3	760	23	331	381	210	173
AAGGNNNGGAA	929	64	1195	18	3262	742	2	722	18	350	393	178	162
AAGG_AAAG	3104	168	4043	49	12205	3102	18	2662	37	1140	1233	643	546
AAGG_AAGG	3146	233	4134	69	10755	2450	23	2459	42	1227	1393	598	557
AAGG_GAAA	3145	177	4110	35	11999	3124	20	2597	54	1164	1234	664	579
AAGG_GGAA	3716	238	4590	77	11755	2663	39	2488	51	1371	1406	693	582
GAAA	129119	7127	167640	2370	536514	153247	1048	113597	1801	44840	47213	29090	22908
GAAANAAAG	1599	110	2169	18	7250	1891	6	1463	31	606	693	370	348
GAAANAAGG	876	36	1064	9	2973	787	0	620	6	323	324	186	158
GAAANGAAA	1955	76	2652	33	7319	2056	8	1751	47	624	681	379	322
GAAANGGAA	1452	84	1831	19	4502	1252	9	1121	17	463	531	285	250
GAAANNAAAG	1571	62	2135	15	6432	1815	7	1410	16	522	585	342	283
GAAANNAAGG	1077	86	1405	23	4230	1025	10	885	14	396	468	233	208
GAAANNGAAA	1878	78	2475	36	6783	1916	12	1653	25	616	690	384	335
GAAANNGGAA	2850	185	3330	55	5901	1805	28	1681	49	1027	991	598	462
GAAANNNAAAG	1827	91	2335	26	6802	1973	13	1541	23	595	629	383	327
GAAANNNAAGG	1041	49	1388	18	4151	1064	6	929	10	354	406	210	187
GAAANNNGAAA	1576	65	2083	29	5904	1733	5	1374	16	524	541	335	278
GAAANNNGGAA	1980	108	2338	37	4978	1431	20	1263	28	697	691	387	345
GAAA_AAAG	4864	256	6435	54	19838	5535	26	4278	69	1675	1837	1067	919
GAAA_AAGG	2972	171	3839	50	11289	2872	16	2418	30	1066	1190	626	551
GAAA_GAAA	5194	213	6894	98	19263	5507	24	4566	84	1699	1850	1054	901
GAAA_GGAA	6212	365	7403	111	15234	4443	57	4013	93	2159	2187	1260	1046
GGAA	134857	7817	163912	2334	447098	116038	1188	100029	2005	47772	49088	26995	22148
GGAANAAAG	1071	55	1348	7	4055	1026	4	866	18	395	418	219	176
GGAANAAGG	926	48	1261	24	2973	684	10	703	8	358	397	155	163
GGAANGAAA	1263	83	1558	19	4683	1254	11	1003	20	468	484	278	214
GGAANGGAA	1347	94	1681	21	4274	989	8	951	20	485	553	238	222
GGAANNAAAG	1295	91	1622	16	4621	1199	3	998	18	476	496	253	216
GGAANNAAGG	1278	58	1611	10	4780	995	16	984	11	514	557	283	218
GGAANNGAAA	2563	112	3653	47	5055	1446	23	2052	49	640	792	335	378
GGAANNGGAA	2469	72	3092	34	4887	1251	11	1295	27	759	806	356	346
GGAANNNAAAG	1706	86	2323	14	4632	1303	10	1343	38	538	593	306	295
GGAANNNAAGG	1282	110	1548	13	4107	1009	1	905	17	446	477	235	200
GGAANNNGAAA	1629	81	1931	22	4793	1285	8	1114	22	573	609	289	251
GGAANNNGGAA	2076	133	2428	42	4504	1233	25	1202	25	707	672	368	298
GGAA_AAAG	4053	232	5265	37	13234	3518	17	3192	74	1395	1488	772	685
GGAA_AAGG	3447	216	4374	47	11728	2663	26	2569	36	1304	1414	670	577
GGAA_GAAA	5395	271	7045	88	14352	3931	42	4112	85	1649	1850	890	834
GGAA_GGAA	5686	295	6912	96	13238	3361	42	3332	70	1890	1958	938	838
