AAAGNGGAA	7.42186870445e-223	0.0	1923	14257	7759	145725	11.885	5.0553
GGAA	3.87506490482e-191	0.0	16131	49	147545	5939	99.6972	96.1305
GGAANNGAAA	1.17187064169e-181	0.0	1871	14309	8220	145264	11.5637	5.3556
AAGG	4.9873061195e-167	0.0	16088	92	147135	6349	99.4314	95.8634
AAAG	1.73674740169e-152	0.0	16110	70	147992	5492	99.5674	96.4218
GAAA	3.06665650774e-152	0.0	16102	78	147820	5664	99.5179	96.3097
GGAA_GGAA	3.80562147118e-133	0.0	2848	13332	16519	136965	17.602	10.7627
GAAA_GGAA	1.38450334654e-124	0.0	3430	12750	21388	132096	21.199	13.935
GGAA_GAAA	6.99278124644e-110	0.0	3524	12656	22770	130714	21.78	14.8354
AAAG_GGAA	4.75911920643e-96	0.0	3329	12851	21819	131665	20.5748	14.2158
GAAANNGGAA	6.1442932452e-90	0.0	1546	14634	8258	145226	9.555	5.3804
GGAANNGGAA	1.46683948295e-87	0.0	1179	15001	5748	147736	7.2868	3.745
GGAANNNGGAA	7.90854312667e-68	0.0	1109	15071	5803	147681	6.8541	3.7809
GGAANNNAAAG	1.80700360774e-43	0.0	1248	14932	7703	145781	7.7132	5.0188
GAAANNNGGAA	4.72235799924e-35	0.0	1189	14991	7631	145853	7.3486	4.9719
GGAA_AAAG	2.96631322924e-24	0.0	2798	13382	21922	131562	17.293	14.2829
GGAA_AAGG	3.40010454052e-22	0.0	2210	13970	16997	136487	13.6588	11.0741
AAAGNNNAAGG	7.88062688372e-22	0.0	949	15231	6422	147062	5.8653	4.1841
AAGG_AAGG	9.54801135949e-22	0.0	2085	14095	15958	137526	12.8863	10.3972
GAAANGGAA	2.86010448746e-21	0.0	1027	15153	7087	146397	6.3473	4.6174
AAAG_AAGG	5.10927645628e-21	0.0	2601	13579	20520	132964	16.0754	13.3695
AAGGNGGAA	6.52266674455e-21	0.0	812	15368	5377	148107	5.0185	3.5033
AAGG_GGAA	5.60422970152e-17	5.10702591328e-15	2151	14029	16999	136485	13.2942	11.0754
AAAGNNGAAA	2.33879378482e-16	9.99200722163e-15	1329	14851	9958	143526	8.2138	6.488
AAGGNGAAA	6.15516014391e-16	2.93098878501e-14	908	15272	6461	147023	5.6119	4.2096
AAAGNGAAA	3.3158216809e-14	1.42741374276e-12	1314	14866	10020	143464	8.1211	6.5284
GAAA_GAAA	3.73053061954e-14	1.56674673235e-12	3667	12513	30913	122571	22.6638	20.1409
AAGGNAAGG	2.19701686867e-11	9.00778340807e-10	844	15336	6272	147212	5.2163	4.0864
AAGGNNNGGAA	4.56735570175e-11	1.82694304129e-09	674	15506	4874	148610	4.1656	3.1756
GGAANAAGG	6.36635293594e-11	2.48287723714e-09	684	15496	4968	148516	4.2274	3.2368
GGAANNAAGG	1.68941996459e-10	6.41979491789e-09	830	15350	6229	147255	5.1298	4.0584
GGAANGGAA	9.52652054298e-10	3.52481259736e-08	836	15344	6347	147137	5.1669	4.1353
AAAG_GAAA	1.70052362002e-09	6.1218848213e-08	3401	12779	29271	124213	21.0198	19.071
GGAANNNGAAA	5.00731357799e-09	1.75255959856e-07	1033	15147	8113	145371	6.3844	5.2859
GAAANNGAAA	6.1822746266e-08	2.10197122852e-06	1486	14694	12231	141253	9.1842	7.9689
AAAG_AAAG	8.61593810757e-08	2.84325565592e-06	3447	12733	30032	123452	21.3041	19.5669
AAGGNNNAAGG	1.39838598407e-07	4.47482544863e-06	658	15522	5031	148453	4.0667	3.2779
GAAANGAAA	2.15017456989e-07	6.66551966744e-06	1534	14646	12738	140746	9.4808	8.2992
AAGGNNAAGG	3.51515913112e-07	1.05454236448e-05	757	15423	5922	147562	4.6786	3.8584
GAAANNNGAAA	4.35234296846e-07	1.26217177001e-05	1270	14910	10433	143051	7.8492	6.7975
AAAGNNAAAG	7.23793166543e-07	2.02660106383e-05	1364	14816	11301	142183	8.4302	7.363
GAAA_AAGG	1.58218457929e-06	4.271810499e-05	2178	14002	18692	134792	13.4611	12.1785
AAGG_GAAA	2.61422045669e-06	6.79675108214e-05	2331	13849	20128	133356	14.4067	13.1141
GGAANNAAAG	1.14576157116e-05	0.000286401013163	954	15226	7833	145651	5.8962	5.1035
GAAANNNAAGG	1.88697862649e-05	0.000452776608959	877	15303	7182	146302	5.4203	4.6793
AAAGNNGGAA	5.15196615255e-05	0.0011842809255	850	15330	7005	146479	5.2534	4.564
GGAANNNAAGG	0.000129337714654	0.00284156882781	849	15331	7056	146428	5.2472	4.5972
AAAGNNAAGG	0.000174659434277	0.00366144895791	911	15269	7630	145854	5.6304	4.9712
GAAA_AAAG	0.00025778787429	0.00514315062223	3459	12721	31025	122459	21.3782	20.2138
AAAGNAAAG	0.000274990626446	0.005211911037	1399	14781	12068	141416	8.6465	7.8627
AAAGNAAGG	0.000366179721649	0.00657075959941	959	15221	8115	145369	5.9271	5.2872
GAAANNNAAAG	0.000384286513523	0.00657075959941	1379	14801	11917	141567	8.5229	7.7643
GAAANAAGG	0.001800688701	0.028425172258	600	15580	5016	148468	3.7083	3.2681
AAGGNAAAG	0.00213529265875	0.0315550465846	956	15224	8234	145250	5.9085	5.3647
GGAANGAAA	0.00441887353737	0.0601183525645	959	15221	8329	145155	5.9271	5.4266
AAGGNNAAAG	0.061784147918	0.56354852596	819	15361	7344	146140	5.0618	4.7849
GAAANNAAGG	0.142229746649	0.841345726405	851	15329	7769	145715	5.2596	5.0618
AAGGNNGAAA	0.148860180027	0.841345726405	854	15326	7805	145679	5.2781	5.0852
GAAANAAAG	0.185783003291	0.871943496366	1263	14917	11675	141809	7.8059	7.6067
AAAGNNNAAAG	0.254391238538	0.928780483012	1168	15012	10860	142624	7.2188	7.0757
GAAANNAAAG	0.399715472795	0.983140014616	1308	14872	12316	141168	8.0841	8.0243
GGAANAAAG	0.640455036514	0.99922326573	831	15349	7980	145504	5.136	5.1992
AAGGNNGGAA	0.804074973512	0.999943436082	804	15376	7861	145623	4.9691	5.1217
AAGGNNNGAAA	0.851502087603	0.999943436082	738	15442	7276	146208	4.5612	4.7406
AAGG_AAAG	0.964397373914	0.999998393325	2358	13822	23179	130305	14.5735	15.1019
AAAGNNNGGAA	0.997512445005	0.999999984607	814	15366	8520	144964	5.0309	5.5511
AAAGNNNGAAA	0.999999979198	1.0	1136	15044	12636	140848	7.021	8.2328
AAGGNNNAAAG	1.0	1.0	742	15438	9045	144439	4.5859	5.8931
