AAAGNGGAA	3.17800872483e-21	0.0	63	245	7759	145725	20.4545	5.0553
GAAANNGGAA	4.94380384315e-11	3.31234661921e-09	48	260	8258	145226	15.5844	5.3804
AAAG_GGAA	5.89016045909e-11	3.88750232005e-09	88	220	21819	131665	28.5714	14.2158
GAAA_GGAA	7.0923366666e-10	4.61001876673e-08	84	224	21388	132096	27.2727	13.935
GGAANNGAAA	2.74906215494e-07	1.75938454342e-05	40	268	8220	145264	12.987	5.3556
GGAA_GGAA	9.42256920153e-06	0.00059344849618	59	249	16519	136965	19.1558	10.7627
GAAANGAAA	4.08103456034e-05	0.00252709456563	47	261	12738	140746	15.2597	8.2992
AAGG	0.000230802308295	0.0139818982568	306	2	147135	6349	99.3506	95.8634
GGAANNNGGAA	0.000341053181078	0.0202586602405	25	283	5803	147681	8.1169	3.7809
GGAA_GAAA	0.000452572717083	0.02635433424	68	240	22770	130714	22.0779	14.8354
GGAANNNAAAG	0.000991474437547	0.05591025062	29	279	7703	145781	9.4156	5.0188
GAAANNNGGAA	0.0017541222123	0.0952284170872	28	280	7631	145853	9.0909	4.9719
GGAA	0.00214461914684	0.11328143852	305	3	147545	5939	99.026	96.1305
GGAANNGGAA	0.00328820959224	0.165689396633	22	286	5748	147736	7.1429	3.745
GAAA	0.00332402109884	0.165689396633	305	3	147820	5664	99.026	96.3097
AAAG	0.00435727508481	0.206609837949	305	3	147992	5492	99.026	96.4218
AAAGNNGAAA	0.00624265615434	0.277931736223	32	276	9958	143526	10.3896	6.488
AAGG_GGAA	0.00630887508802	0.277931736223	49	259	16999	136485	15.9091	11.0754
AAGGNNNGGAA	0.010549669785	0.411563113408	18	290	4874	148610	5.8442	3.1756
AAGG_GAAA	0.0161589213658	0.549885876635	54	254	20128	133356	17.5325	13.1141
AAGGNNNGAAA	0.0225711925642	0.66573841705	23	285	7276	146208	7.4675	4.7406
GGAA_AAAG	0.0237778372607	0.677308770109	57	251	21922	131562	18.5065	14.2829
AAAG_AAGG	0.0323674832247	0.779869159498	53	255	20520	132964	17.2078	13.3695
AAGGNGGAA	0.0457653841744	0.87852622892	17	291	5377	148107	5.5195	3.5033
GAAA_GAAA	0.0541185452419	0.913539992639	74	234	30913	122571	24.026	20.1409
AAGGNAAAG	0.070771751461	0.957414341521	23	285	8234	145250	7.4675	5.3647
GGAANNNGAAA	0.0960780883863	0.985628622697	22	286	8113	145371	7.1429	5.2859
GAAANAAAG	0.139005633006	0.997837218158	29	279	11675	141809	9.4156	7.6067
AAGGNNNAAGG	0.139341921815	0.997837218158	14	294	5031	148453	4.5455	3.2779
GGAANGGAA	0.141843055055	0.997837218158	17	291	6347	147137	5.5195	4.1353
AAAGNNNAAGG	0.152173237559	0.998113440045	17	291	6422	147062	5.5195	4.1841
AAGGNGAAA	0.15770499907	0.998253469171	17	291	6461	147023	5.5195	4.2096
AAGG_AAGG	0.199783508954	0.999672304937	37	271	15958	137526	12.013	10.3972
AAAGNAAGG	0.203022236018	0.999672304937	20	288	8115	145369	6.4935	5.2872
GGAANGAAA	0.236076338895	0.999894391543	20	288	8329	145155	6.4935	5.4266
AAAGNNAAGG	0.274517163622	0.999974840866	18	290	7630	145854	5.8442	4.9712
AAGGNAAGG	0.280785086832	0.999974840866	15	293	6272	147212	4.8701	4.0864
AAAGNAAAG	0.306730777699	0.999988306096	27	281	12068	141416	8.7662	7.8627
GGAANNAAAG	0.311809262084	0.999988306096	18	290	7833	145651	5.8442	5.1035
GGAANAAAG	0.339697124259	0.999994076854	18	290	7980	145504	5.8442	5.1992
GAAANGGAA	0.453771960063	0.999999955693	15	293	7087	146397	4.8701	4.6174
GAAANNGAAA	0.492006000945	0.999999988566	25	283	12231	141253	8.1169	7.9689
AAAGNNNGGAA	0.544698851232	0.999999998695	17	291	8520	144964	5.5195	5.5511
GGAANNNAAGG	0.555305062843	0.999999998695	14	294	7056	146428	4.5455	4.5972
GAAA_AAAG	0.59332416723	0.999999999581	61	247	31025	122459	19.8052	20.2138
AAAGNNGGAA	0.651838504532	0.999999999971	13	295	7005	146479	4.2208	4.564
AAAG_GAAA	0.676392794751	0.999999999983	56	252	29271	124213	18.1818	19.071
AAGGNNGAAA	0.703124275353	0.999999999992	14	294	7805	145679	4.5455	5.0852
GGAANNAAGG	0.707825777551	0.999999999992	11	297	6229	147255	3.5714	4.0584
AAGGNNGGAA	0.712914500138	0.999999999992	14	294	7861	145623	4.5455	5.1217
GGAA_AAGG	0.73928901784	0.999999999992	31	277	16997	136487	10.0649	11.0741
AAAG_AAAG	0.750538511311	0.999999999992	56	252	30032	123452	18.1818	19.5669
AAGGNNAAGG	0.752328972966	0.999999999992	10	298	5922	147562	3.2468	3.8584
GAAANNNAAAG	0.761875633686	0.999999999992	21	287	11917	141567	6.8182	7.7643
GGAANAAGG	0.781354414277	0.999999999992	8	300	4968	148516	2.5974	3.2368
AAAGNNAAAG	0.817669874179	0.999999999992	19	289	11301	142183	6.1688	7.363
GAAANNAAGG	0.857851382366	0.999999999992	12	296	7769	145715	3.8961	5.0618
GAAANNNGAAA	0.894495606781	0.999999999992	16	292	10433	143051	5.1948	6.7975
AAAGNGAAA	0.906668574885	0.999999999992	15	293	10020	143464	4.8701	6.5284
GAAANNNAAGG	0.913790066742	0.999999999992	10	298	7182	146302	3.2468	4.6793
GAAANAAGG	0.938283584721	0.999999999992	6	302	5016	148468	1.9481	3.2681
AAGGNNAAAG	0.960546726293	0.999999999992	9	299	7344	146140	2.9221	4.7849
GAAA_AAGG	0.963676054843	0.999999999992	28	280	18692	134792	9.0909	12.1785
AAAGNNNAAAG	0.973617674769	0.999999999992	14	294	10860	142624	4.5455	7.0757
AAGG_AAAG	0.975416192212	0.999999999992	35	273	23179	130305	11.3636	15.1019
GAAANNAAAG	0.978864938117	0.999999999992	16	292	12316	141168	5.1948	8.0243
AAAGNNNGAAA	0.999203816226	0.999999999992	12	296	12636	140848	3.8961	8.2328
AAGGNNNAAAG	0.999946580194	0.999999999992	5	303	9045	144439	1.6234	5.8931
