Motif	cdc_pdc_pu1	cdc_pu1_irf8_up_summit_final	cdp_mpp_pu1	cdp_pu1_irf8_up_summit_final	irf8_dup_summits_500_4	mpp_cdp_pu1	mpp_pu1_irf8_up_summit_final	pdc_cdc_pu1	pdc_pu1_irf8_up_summit_final	pu1_cdc_irf8_summit_500	pu1_cdp_irf8_summit_500	pu1_mpp_irf8_summit_500	pu1_pdc_irf8_summit_500
AAAG	99.66	98.99	99.72	96.42	99.65	99.78	93.85	99.57	99.03	99.35	99.44	99.65	99.36
AAAGNAAAG	8.76	5.07	8.77	5.37	8.43	9.23	6.15	8.65	8.77	7.33	7.77	8.47	8.26
AAAGNAAGG	6.17	8.36	6.32	6.91	5.75	5.46	7.18	5.93	6.49	6.45	6.71	6.24	5.97
AAAGNGAAA	8.22	7.01	8.48	4.86	6.97	7.95	2.05	8.12	4.87	7.27	7.77	6.76	7.42
AAAGNGGAA	18.37	17.48	15.91	15.09	8.41	10.67	22.56	11.89	20.45	17.97	15.79	19.6	19.48
AAAGNNAAAG	8.13	5.57	8.72	5.63	7.67	8.25	2.05	8.43	6.17	7.43	8.0	7.11	8.12
AAAGNNAAGG	5.91	4.56	5.87	3.58	5.4	5.31	3.08	5.63	5.84	5.47	6.02	5.66	5.77
AAAGNNGAAA	9.2	5.91	8.92	7.16	7.3	8.24	6.15	8.21	10.39	7.79	6.97	8.24	8.23
AAAGNNGGAA	7.77	6.67	6.79	5.37	5.32	5.29	4.1	5.25	4.22	7.01	6.8	5.49	5.94
AAAGNNNAAAG	7.55	4.73	7.46	5.37	7.13	7.79	3.59	7.22	4.55	6.44	6.56	7.37	6.35
AAAGNNNAAGG	6.95	8.19	6.96	5.88	4.93	5.08	3.08	5.87	5.52	6.81	6.53	5.98	6.0
AAAGNNNGAAA	7.23	6.42	7.31	4.6	7.71	8.4	5.13	7.02	3.9	7.03	7.31	6.99	7.36
AAAGNNNGGAA	5.7	5.91	5.6	4.35	5.19	5.25	3.59	5.03	5.52	5.64	5.88	5.4	4.96
AAAG_AAAG	21.46	14.1	21.75	15.86	20.44	22.16	10.77	21.3	18.18	18.92	19.77	19.9	19.83
AAAG_AAGG	17.61	19.68	17.51	15.86	14.86	14.71	13.33	16.08	17.21	17.21	17.57	16.87	16.18
AAAG_GAAA	22.02	17.57	22.08	15.86	19.92	22.19	12.82	21.02	18.18	19.81	19.84	20.16	20.99
AAAG_GGAA	28.76	26.86	25.59	20.46	17.57	19.69	27.69	20.57	28.57	27.73	25.54	28.35	27.86
AAGG	99.56	99.58	99.48	99.74	99.07	98.88	98.46	99.43	99.35	99.61	99.42	99.06	99.28
AAGGNAAAG	6.26	5.66	6.13	5.12	5.56	5.83	1.54	5.91	7.47	5.73	5.79	5.37	5.68
AAGGNAAGG	6.1	6.25	5.75	8.7	4.82	4.22	5.13	5.22	4.87	5.6	6.24	4.6	5.28
AAGGNGAAA	6.36	4.56	5.96	5.12	4.93	5.25	2.05	5.61	5.52	5.73	5.32	5.02	5.89
AAGGNGGAA	7.52	5.32	6.8	7.42	4.28	4.11	9.23	5.02	5.52	6.06	5.8	4.58	5.57
AAGGNNAAAG	5.32	4.56	5.4	3.58	4.84	4.54	2.56	5.06	2.92	5.2	5.37	4.95	5.04
AAGGNNAAGG	5.74	8.87	5.41	4.09	4.32	4.25	2.05	4.68	3.25	5.72	5.43	4.98	4.64
AAGGNNGAAA	5.9	4.05	5.83	2.05	5.25	5.04	6.15	5.28	4.55	5.51	5.61	5.23	5.28
AAGGNNGGAA	6.56	9.04	6.12	7.67	5.15	4.67	8.72	4.97	4.55	6.51	6.31	5.91	5.57
AAGGNNNAAAG	5.13	3.89	4.92	3.84	4.97	4.64	4.62	4.59	1.62	4.74	4.66	4.34	4.58
AAGGNNNAAGG	4.84	4.05	4.81	6.91	4.0	3.36	4.62	4.07	4.55	4.84	5.03	3.99	4.55
AAGGNNNGAAA	4.81	5.49	4.98	1.53	4.78	4.84	1.54	4.56	7.47	4.58	4.92	4.83	4.87
AAGGNNNGGAA	5.02	5.15	4.85	4.35	3.96	3.57	1.03	4.17	5.84	4.62	4.85	4.04	4.15
AAGG_AAAG	15.48	13.68	15.22	11.25	14.32	14.17	8.21	14.57	11.36	14.37	14.45	13.56	14.24
AAGG_AAGG	15.15	17.48	14.51	17.14	12.13	11.05	11.79	12.89	12.01	14.77	15.02	12.84	13.45
AAGG_GAAA	15.96	13.6	15.61	8.44	14.04	14.2	9.74	14.41	17.53	14.93	14.71	14.32	14.99
AAGG_GGAA	17.73	18.5	16.37	18.93	12.5	11.61	18.97	13.29	15.91	15.97	15.66	13.61	14.35
GAAA	99.53	98.48	99.63	94.37	99.48	99.75	92.31	99.52	99.03	99.22	99.2	99.48	99.33
GAAANAAAG	7.82	7.94	7.94	3.07	7.48	8.11	3.08	7.81	9.42	7.06	7.53	7.16	7.65
GAAANAAGG	4.72	2.79	4.4	2.3	3.7	3.87	0.0	3.71	1.95	4.41	4.27	4.29	4.38
GAAANGAAA	10.14	5.74	10.34	7.42	8.36	9.25	3.59	9.48	15.26	7.86	8.16	7.89	8.21
GAAANGGAA	7.76	7.09	7.28	4.86	5.59	5.95	4.62	6.35	4.87	6.36	6.85	6.38	6.84
GAAANNAAAG	8.34	4.81	8.52	3.84	7.68	8.53	3.08	8.08	5.19	6.75	7.09	7.53	7.57
GAAANNAAGG	5.71	7.01	5.75	5.88	5.19	4.95	5.13	5.26	3.9	5.28	5.9	5.23	5.57
GAAANNGAAA	9.57	6.25	9.63	8.95	8.17	8.97	6.15	9.18	8.12	8.01	8.84	8.38	8.76
GAAANNGGAA	14.87	15.46	13.14	13.55	7.29	8.53	13.33	9.56	15.58	13.74	12.47	13.05	12.58
GAAANNNAAAG	9.45	7.01	9.15	5.37	8.03	9.03	6.67	8.52	6.82	7.79	7.88	8.14	8.26
GAAANNNAAGG	5.61	3.97	5.63	4.6	5.06	5.12	3.08	5.42	3.25	4.64	5.26	4.76	5.22
GAAANNNGAAA	8.35	5.41	8.37	7.16	7.29	8.16	2.56	7.85	5.19	6.98	7.04	7.44	7.86
GAAANNNGGAA	10.39	8.36	9.4	9.21	6.18	6.91	10.26	7.35	9.09	9.4	8.93	8.8	9.71
GAAA_AAAG	22.58	18.33	22.39	10.74	20.37	22.58	11.79	21.38	19.81	19.18	19.62	20.35	20.5
GAAA_AAGG	14.79	13.34	14.63	12.53	13.1	13.12	8.21	13.46	9.09	13.36	14.38	13.45	14.32
GAAA_GAAA	23.97	15.03	24.26	18.67	20.75	22.83	11.79	22.66	24.03	20.0	20.93	20.84	21.17
GAAA_GGAA	29.43	27.53	26.49	25.06	17.57	19.68	24.1	21.2	27.27	26.34	25.24	25.23	26.5
GGAA	99.93	98.82	99.83	96.16	99.53	99.44	94.87	99.7	99.03	99.81	99.81	99.74	99.74
GGAANAAAG	5.73	4.56	5.5	1.53	5.02	4.96	2.05	5.14	5.84	5.37	5.43	5.12	4.76
GGAANAAGG	4.63	3.72	4.74	6.14	3.66	3.31	5.13	4.23	2.6	4.43	4.7	3.59	4.55
GGAANGAAA	6.81	6.93	6.38	4.35	5.79	6.02	5.64	5.93	6.49	6.45	6.34	6.27	5.91
GGAANGGAA	6.76	7.09	6.38	5.37	4.85	4.59	3.59	5.17	5.52	5.83	6.32	5.26	5.62
GGAANNAAAG	7.01	7.52	6.63	4.09	5.75	5.78	1.54	5.9	5.84	6.61	6.41	5.8	5.94
GGAANNAAGG	6.07	4.65	5.7	2.3	4.72	4.27	6.67	5.13	3.57	5.95	6.1	5.23	5.22
GGAANNGAAA	13.51	8.87	14.55	12.02	6.09	6.87	11.79	11.56	12.99	8.25	9.73	7.49	9.97
GGAANNGGAA	11.72	6.08	10.43	8.44	5.74	5.85	5.13	7.29	7.14	9.3	9.18	7.84	8.7
GGAANNNAAAG	9.03	7.09	9.28	3.32	5.64	6.27	4.62	7.71	9.42	7.16	7.35	6.9	7.97
GGAANNNAAGG	6.6	8.87	6.19	3.32	5.03	4.78	0.51	5.25	4.55	5.99	5.94	5.33	5.42
GGAANNNGAAA	8.46	6.67	7.66	5.37	5.93	6.09	4.1	6.38	7.14	7.5	7.64	6.38	6.96
GGAANNNGGAA	10.71	10.98	9.49	10.49	5.6	5.88	10.77	6.85	8.12	9.39	8.52	8.05	8.21
GGAA_AAAG	19.9	17.48	19.52	8.18	15.27	15.9	7.18	17.29	18.51	17.42	17.39	16.15	17.22
GGAA_AAGG	15.95	16.89	15.28	11.0	12.52	11.59	11.79	13.66	10.06	14.99	15.12	13.28	13.98
GGAA_GAAA	26.03	20.19	25.69	20.72	16.39	17.52	21.03	21.78	22.08	20.01	21.2	18.38	21.05
GGAA_GGAA	25.79	22.47	23.09	22.25	14.76	14.96	18.46	17.6	19.16	21.81	21.24	19.34	20.32
