AAAGNGGAA	1.16284651492e-235	0.0	835	3426	7759	145725	19.5963	5.0553
AAAG_GGAA	1.05631126218e-121	0.0	1208	3053	21819	131665	28.3502	14.2158
GAAA_GGAA	3.97427327339e-82	0.0	1075	3186	21388	132096	25.2288	13.935
GAAANNGGAA	2.50935676127e-77	0.0	556	3705	8258	145226	13.0486	5.3804
GGAA_GGAA	3.23806347336e-59	0.0	824	3437	16519	136965	19.3382	10.7627
GGAA	7.1718023134e-56	0.0	4250	11	147545	5939	99.7418	96.1305
AAAG	1.70576447561e-46	0.0	4246	15	147992	5492	99.648	96.4218
GAAA	6.38616323502e-42	0.0	4239	22	147820	5664	99.4837	96.3097
GGAANNNGGAA	3.22425671581e-36	0.0	343	3918	5803	147681	8.0498	3.7809
AAGG	1.47500212526e-35	0.0	4221	40	147135	6349	99.0613	95.8634
GGAANNGGAA	5.75176039167e-34	0.0	334	3927	5748	147736	7.8385	3.745
GAAANNNGGAA	7.20961979224e-25	0.0	375	3886	7631	145853	8.8008	4.9719
AAAG_AAGG	8.40543328543e-11	4.70704186739e-09	719	3542	20520	132964	16.874	13.3695
GGAA_GAAA	2.79359206274e-10	1.5364756023e-08	783	3478	22770	130714	18.376	14.8354
GGAANNGAAA	4.88399139463e-09	2.63735503325e-07	319	3942	8220	145264	7.4865	5.3556
AAAGNNNAAGG	3.02461682519e-08	1.60304565588e-06	255	4006	6422	147062	5.9845	4.1841
GGAANNNAAAG	8.39625790596e-08	4.36604476595e-06	294	3967	7703	145781	6.8998	5.0188
GAAANGGAA	1.67692459842e-07	8.55227959629e-06	272	3989	7087	146397	6.3835	4.6174
AAGG_GGAA	2.53481023914e-07	1.26739724883e-05	580	3681	16999	136485	13.6118	11.0754
AAGG_AAGG	3.46236528698e-07	1.6965448927e-05	547	3714	15958	137526	12.8374	10.3972
GGAA_AAGG	5.66232809613e-06	0.000271755585866	566	3695	16997	136487	13.2833	11.0741
AAAGNNGAAA	6.0589809904e-06	0.000284732425292	351	3910	9958	143526	8.2375	6.488
GGAANNAAGG	0.000133135683315	0.00610593171472	223	4038	6229	147255	5.2335	4.0584
AAGGNGGAA	0.000184092635642	0.00825070576576	195	4066	5377	148107	4.5764	3.5033
AAGGNNAAGG	0.000193259140148	0.00846816532924	212	4049	5922	147562	4.9754	3.8584
GAAANAAGG	0.000216858767631	0.00928258655805	183	4078	5016	148468	4.2948	3.2681
GGAANGGAA	0.000273247595862	0.0114123466984	224	4037	6347	147137	5.257	4.1353
GGAA_AAAG	0.000400734921472	0.0162991326324	688	3573	21922	131562	16.1464	14.2829
GGAANNNGAAA	0.00119270947937	0.0466153655611	272	3989	8113	145371	6.3835	5.2859
AAGGNNNGGAA	0.00132667923482	0.0504573601604	172	4089	4874	148610	4.0366	3.1756
AAAGNNGGAA	0.00298277143812	0.107308920109	234	4027	7005	146479	5.4917	4.564
AAAGNAAGG	0.00401291006694	0.138238204347	266	3995	8115	145369	6.2427	5.2872
AAGGNGAAA	0.00614138122839	0.198901537349	214	4047	6461	147023	5.0223	4.2096
AAGGNNNAAGG	0.00693745281489	0.216243590171	170	4091	5031	148453	3.9897	3.2779
GAAA_AAGG	0.00725603865158	0.219331534437	573	3688	18692	134792	13.4475	12.1785
GGAANGAAA	0.0105365275558	0.294994858251	267	3994	8329	145155	6.2661	5.4266
AAGG_GAAA	0.0123552395507	0.328224050742	610	3651	20128	133356	14.3159	13.1141
AAGGNNGGAA	0.0126754735833	0.328224050742	252	4009	7861	145623	5.9141	5.1217
GGAANNNAAGG	0.0151824588014	0.368063756153	227	4034	7056	146428	5.3274	4.5972
GGAANNAAAG	0.0248788569859	0.518386535372	247	4014	7833	145651	5.7968	5.1035
AAAGNNAAGG	0.024927626642	0.518386535372	241	4020	7630	145854	5.6559	4.9712
AAAG_GAAA	0.0395947991871	0.664052366419	859	3402	29271	124213	20.1596	19.071
AAGGNAAGG	0.05364469853	0.761543204227	196	4065	6272	147212	4.5999	4.0864
GAAANNNGAAA	0.055114941469	0.761543204227	317	3944	10433	143051	7.4396	6.7975
AAAGNAAAG	0.077771376881	0.856739542432	361	3900	12068	141416	8.4722	7.8627
GGAANAAGG	0.108327610976	0.928431431377	153	4108	4968	148516	3.5907	3.2368
GAAA_GAAA	0.135177809683	0.959037152317	888	3373	30913	122571	20.8402	20.1409
GAAANNGAAA	0.172321714371	0.981159484054	357	3904	12231	141253	8.3783	7.9689
GAAANNNAAAG	0.18812664507	0.984520184916	347	3914	11917	141567	8.1436	7.7643
AAAGNNNAAAG	0.238703286834	0.994382732052	314	3947	10860	142624	7.3692	7.0757
AAAGNGAAA	0.282573170466	0.997464888588	288	3973	10020	143464	6.759	6.5284
AAAG_AAAG	0.299417357492	0.997640557798	848	3413	30032	123452	19.9014	19.5669
GAAANNAAGG	0.316809536471	0.997747479623	223	4038	7769	145715	5.2335	5.0618
AAGGNNAAAG	0.317271536605	0.997747479623	211	4050	7344	146140	4.9519	4.7849
AAGGNNGAAA	0.341817145586	0.997747479623	223	4038	7805	145679	5.2335	5.0852
AAGGNNNGAAA	0.398228551654	0.998642904162	206	4055	7276	146208	4.8345	4.7406
GAAANNNAAGG	0.408362361788	0.998642904162	203	4058	7182	146302	4.7641	4.6793
GAAA_AAAG	0.421449060934	0.998642904162	867	3394	31025	122459	20.3473	20.2138
AAGGNAAAG	0.498935887569	0.999002453877	229	4032	8234	145250	5.3743	5.3647
GGAANAAAG	0.60518335073	0.999766890955	218	4043	7980	145504	5.1162	5.1992
AAAGNNNGGAA	0.676380291617	0.999879696102	230	4031	8520	144964	5.3978	5.5511
AAAGNNAAAG	0.741060580016	0.999921947432	303	3958	11301	142183	7.111	7.363
GAAANGAAA	0.84000717569	0.999983227298	336	3925	12738	140746	7.8855	8.2992
GAAANAAAG	0.869088642764	0.999983227298	305	3956	11675	141809	7.1579	7.6067
GAAANNAAAG	0.884198772721	0.999983227298	321	3940	12316	141168	7.5334	8.0243
AAGG_AAAG	0.997619792185	0.999999986515	578	3683	23179	130305	13.5649	15.1019
AAAGNNNGAAA	0.998639087188	0.999999986515	298	3963	12636	140848	6.9937	8.2328
AAGGNNNAAAG	0.999996105279	0.999999986515	185	4076	9045	144439	4.3417	5.8931
