AAAGNGGAA	3.36840341774e-306	0.0	1248	5697	7759	145725	17.9698	5.0553
AAAG_GGAA	5.48598723755e-178	0.0	1926	5019	21819	131665	27.7322	14.2158
GAAA_GGAA	4.75576686896e-154	0.0	1829	5116	21388	132096	26.3355	13.935
GGAA_GGAA	2.99694494479e-147	0.0	1515	5430	16519	136965	21.8143	10.7627
GAAANNGGAA	2.2549104504e-141	0.0	954	5991	8258	145226	13.7365	5.3804
GGAA	2.57303390529e-95	0.0	6932	13	147545	5939	99.8128	96.1305
GGAANNNGGAA	3.46477884926e-90	0.0	652	6293	5803	147681	9.388	3.7809
GGAANNGGAA	2.24959635298e-89	0.0	646	6299	5748	147736	9.3017	3.745
AAGG	5.94929728867e-87	0.0	6918	27	147135	6349	99.6112	95.8634
AAAG	1.54149513704e-56	0.0	6900	45	147992	5492	99.3521	96.4218
GAAA	5.83518653311e-53	0.0	6891	54	147820	5664	99.2225	96.3097
GAAANNNGGAA	9.66516954431e-50	0.0	653	6292	7631	145853	9.4024	4.9719
AAGG_GGAA	2.45782060903e-33	0.0	1109	5836	16999	136485	15.9683	11.0754
GGAA_GAAA	3.83488243218e-30	0.0	1390	5555	22770	130714	20.0144	14.8354
AAGG_AAGG	1.38558660242e-28	0.0	1026	5919	15958	137526	14.7732	10.3972
AAGGNGGAA	6.4875981585e-25	0.0	421	6524	5377	148107	6.0619	3.5033
AAAGNNNAAGG	7.00397485428e-23	0.0	473	6472	6422	147062	6.8107	4.1841
GGAANNGAAA	1.52617201965e-22	0.0	573	6372	8220	145264	8.2505	5.3556
GGAA_AAGG	1.85118099562e-22	0.0	1041	5904	16997	136487	14.9892	11.0741
AAAGNNGGAA	4.6570268078e-19	0.0	487	6458	7005	146479	7.0122	4.564
AAAG_AAGG	5.13223760503e-19	0.0	1195	5750	20520	132964	17.2066	13.3695
GGAANNNGAAA	1.73862186053e-14	8.19233569871e-13	521	6424	8113	145371	7.5018	5.2859
GGAANNNAAAG	3.61080445173e-14	1.65978342181e-12	497	6448	7703	145781	7.1562	5.0188
AAGGNNAAGG	1.31016157719e-13	5.89528426076e-12	397	6548	5922	147562	5.7163	3.8584
GGAANNAAGG	1.78785383607e-13	7.86481990644e-12	413	6532	6229	147255	5.9467	4.0584
GGAA_AAAG	6.77231714356e-13	2.91211499359e-11	1210	5735	21922	131562	17.4226	14.2829
AAGGNNNAAGG	1.56683763322e-11	6.58070931081e-10	336	6609	5031	148453	4.838	3.2779
GGAANGGAA	3.57557735085e-11	1.46598500006e-09	405	6540	6347	147137	5.8315	4.1353
GAAANGGAA	7.90379255602e-11	3.16151549384e-09	442	6503	7087	146397	6.3643	4.6174
AAGGNNNGGAA	1.85505157172e-10	7.23470150454e-09	321	6624	4874	148610	4.622	3.1756
AAGGNAAGG	2.03182432106e-09	7.72093233792e-08	389	6556	6272	147212	5.6012	4.0864
AAGGNGAAA	2.75259364416e-09	1.01845958111e-07	398	6547	6461	147023	5.7307	4.2096
GGAANNAAAG	5.29086839685e-08	1.90471086003e-06	459	6486	7833	145651	6.6091	5.1035
GGAANAAGG	1.01387342098e-07	3.54855085649e-06	308	6637	4968	148516	4.4348	3.2368
GGAANNNAAGG	1.23975962553e-07	4.21517410609e-06	416	6529	7056	146428	5.9899	4.5972
GAAANAAGG	4.17617335034e-07	1.37812799715e-05	306	6639	5016	148468	4.406	3.2681
AAGGNNGGAA	4.72253105303e-07	1.51119887504e-05	452	6493	7861	145623	6.5083	5.1217
AAGG_GAAA	8.90566309404e-06	0.000276038679553	1037	5908	20128	133356	14.9316	13.1141
AAAGNNGAAA	1.57971097744e-05	0.000473804755561	541	6404	9958	143526	7.7898	6.488
AAAGNAAGG	2.26156296586e-05	0.000655645646879	448	6497	8115	145369	6.4507	5.2872
GGAANGAAA	0.000185194929566	0.0051725144846	448	6497	8329	145155	6.4507	5.4266
GAAA_AAGG	0.00189598808155	0.0499496245804	928	6017	18692	134792	13.3621	12.1785
AAAGNGAAA	0.00839703604478	0.196874857782	505	6440	10020	143464	7.2714	6.5284
AAAGNNAAGG	0.0338641471789	0.577375206549	380	6565	7630	145854	5.4716	4.9712
AAGGNNGAAA	0.0602632941066	0.775017584599	383	6562	7805	145679	5.5148	5.0852
AAGGNNAAAG	0.0623047852626	0.775017584599	361	6584	7344	146140	5.198	4.7849
AAAG_GAAA	0.064420196622	0.775017584599	1376	5569	29271	124213	19.8128	19.071
AAGGNAAAG	0.0984711685147	0.88661071249	398	6547	8234	145250	5.7307	5.3647
GAAANNAAGG	0.211321324585	0.991330341968	367	6578	7769	145715	5.2844	5.0618
GGAANAAAG	0.27207540686	0.997603146691	373	6572	7980	145504	5.3708	5.1992
GAAANNNGAAA	0.280318471534	0.997603146691	485	6460	10433	143051	6.9834	6.7975
AAAGNNNGGAA	0.377620024731	0.999684539209	392	6553	8520	144964	5.6443	5.5511
AAAGNNAAAG	0.424293638252	0.999854381532	516	6429	11301	142183	7.4298	7.363
GAAANNGAAA	0.462551060498	0.999909830813	556	6389	12231	141253	8.0058	7.9689
GAAANNNAAAG	0.475890917533	0.999909830813	541	6404	11917	141567	7.7898	7.7643
GAAANNNAAGG	0.574119214437	0.999984838415	322	6623	7182	146302	4.6364	4.6793
GAAA_GAAA	0.617565127367	0.999990212093	1389	5556	30913	122571	20.0	20.1409
AAGGNNNGAAA	0.740555944744	0.999999641507	318	6627	7276	146208	4.5788	4.7406
GAAANGAAA	0.906666421286	0.99999999995	546	6399	12738	140746	7.8618	8.2992
AAAG_AAAG	0.911089101967	0.99999999995	1314	5631	30032	123452	18.9201	19.5669
AAAGNAAAG	0.950689758884	0.999999999965	509	6436	12068	141416	7.329	7.8627
AAGG_AAAG	0.954629373019	0.999999999965	998	5947	23179	130305	14.3701	15.1019
GAAANAAAG	0.958423485976	0.999999999965	490	6455	11675	141809	7.0554	7.6067
AAAGNNNAAAG	0.98130239808	0.999999999965	447	6498	10860	142624	6.4363	7.0757
GAAA_AAAG	0.983283722181	0.999999999965	1332	5613	31025	122459	19.1793	20.2138
AAAGNNNGAAA	0.99988474793	0.999999999998	488	6457	12636	140848	7.0266	8.2328
GAAANNAAAG	0.999958406754	0.999999999998	469	6476	12316	141168	6.7531	8.0243
AAGGNNNAAAG	0.999984175281	0.999999999998	329	6616	9045	144439	4.7372	5.8931
