AAAGNGGAA	2.59995393245e-190	0.0	672	2777	7759	145725	19.4839	5.0553
AAAG_GGAA	1.96220473001e-93	0.0	961	2488	21819	131665	27.8631	14.2158
GAAA_GGAA	1.67044101124e-81	0.0	914	2535	21388	132096	26.5004	13.935
GGAA_GGAA	6.11539397605e-59	0.0	701	2748	16519	136965	20.3247	10.7627
GAAANNGGAA	5.48530636081e-57	0.0	434	3015	8258	145226	12.5834	5.3804
GGAA	1.64600388729e-45	0.0	3440	9	147545	5939	99.7391	96.1305
GGAANNGGAA	1.53651941056e-38	0.0	300	3149	5748	147736	8.6982	3.745
AAGG	2.37737964914e-34	0.0	3424	25	147135	6349	99.2752	95.8634
GGAANNNGGAA	1.06135670072e-31	0.0	283	3166	5803	147681	8.2053	3.7809
GAAA	3.37475781809e-30	0.0	3426	23	147820	5664	99.3331	96.3097
AAAG	1.5691827785e-29	0.0	3427	22	147992	5492	99.3621	96.4218
GAAANNNGGAA	1.65796333107e-29	0.0	335	3114	7631	145853	9.713	4.9719
GGAANNGAAA	8.34508472117e-27	0.0	344	3105	8220	145264	9.9739	5.3556
GGAA_GAAA	2.98129746282e-22	0.0	726	2723	22770	130714	21.0496	14.8354
GGAANNNAAAG	2.4133352292e-13	1.30335742199e-11	275	3174	7703	145781	7.9733	5.0188
AAGGNGGAA	1.12435533835e-09	5.9590833712e-08	192	3257	5377	148107	5.5668	3.5033
AAGG_GGAA	3.18162250742e-09	1.65444357658e-07	495	2954	16999	136485	14.352	11.0754
GAAANGGAA	5.04455907925e-09	2.57272481874e-07	236	3213	7087	146397	6.8426	4.6174
AAGG_AAGG	1.29963971759e-08	6.49819652088e-07	464	2985	15958	137526	13.4532	10.3972
GGAA_AAGG	1.2286036002e-07	6.0201398886e-06	482	2967	16997	136487	13.9751	11.0741
AAAGNNNAAGG	4.1615800252e-07	1.99753887659e-05	207	3242	6422	147062	6.0017	4.1841
GGAA_AAAG	1.12062938455e-06	5.2668223564e-05	594	2855	21922	131562	17.2224	14.2829
AAAG_AAGG	1.71974767428e-06	7.91053320478e-05	558	2891	20520	132964	16.1786	13.3695
AAGGNGAAA	2.68099930036e-06	0.000120637852909	203	3246	6461	147023	5.8858	4.2096
GGAANNNGAAA	1.88670582031e-05	0.000829813906138	240	3209	8113	145371	6.9585	5.2859
GGAANGGAA	2.11222567878e-05	0.000907854284943	194	3255	6347	147137	5.6248	4.1353
GGAANAAGG	2.69853108223e-05	0.00113275629384	157	3292	4968	148516	4.552	3.2368
AAAGNNGAAA	4.13936729989e-05	0.00169573633107	284	3165	9958	143526	8.2343	6.488
AAGGNNNAAGG	4.88921573818e-05	0.00195382290388	157	3292	5031	148453	4.552	3.2779
GAAA_AAGG	0.000108654719809	0.00422879765078	494	2955	18692	134792	14.323	12.1785
AAAGNNGGAA	0.000133523206816	0.00506136851949	205	3244	7005	146479	5.9438	4.564
GAAANAAGG	0.000316572935065	0.01164669898	151	3298	5016	148468	4.3781	3.2681
AAGGNAAGG	0.000456551528245	0.0163052151732	182	3267	6272	147212	5.2769	4.0864
GGAANNAAGG	0.000587634428396	0.020363064913	180	3269	6229	147255	5.2189	4.0584
AAGG_GAAA	0.000828104516088	0.027774220304	517	2932	20128	133356	14.9899	13.1141
AAGGNNNGGAA	0.00118529810524	0.0383820390457	143	3306	4874	148610	4.1461	3.1756
AAAG_GAAA	0.00266384866096	0.0818154710377	724	2725	29271	124213	20.9916	19.071
GAAANNNGAAA	0.00900205193096	0.244463564803	271	3178	10433	143051	7.8573	6.7975
AAGGNNAAGG	0.0121411453485	0.306818585818	160	3289	5922	147562	4.639	3.8584
GGAANNNAAGG	0.0139930080348	0.33546196351	187	3262	7056	146428	5.4219	4.5972
GGAANNAAAG	0.0163362903949	0.369469385264	205	3244	7833	145651	5.9438	5.1035
AAAGNNAAGG	0.0199262707599	0.419254036692	199	3250	7630	145854	5.7698	4.9712
AAAGNGAAA	0.0209337749978	0.423082395614	256	3193	10020	143464	7.4224	6.5284
AAAGNAAGG	0.0429240662675	0.666066573289	206	3243	8115	145369	5.9727	5.2872
GAAANNGAAA	0.0504090954137	0.711013797217	302	3147	12231	141253	8.7562	7.9689
AAAGNNAAAG	0.0514919824818	0.711013797217	280	3169	11301	142183	8.1183	7.363
GAAA_GAAA	0.0725088512308	0.80909600253	730	2719	30913	122571	21.1656	20.1409
GAAANNNAAGG	0.0764223774775	0.811660489325	180	3269	7182	146302	5.2189	4.6793
GAAANNAAGG	0.0984625238436	0.87420143305	192	3257	7769	145715	5.5668	5.0618
GGAANGAAA	0.113595244732	0.898839849335	204	3245	8329	145155	5.9148	5.4266
AAGGNNGGAA	0.129270518447	0.917225133982	192	3257	7861	145623	5.5668	5.1217
GAAANNNAAAG	0.147031996949	0.933033657437	285	3164	11917	141567	8.2633	7.7643
AAAGNAAAG	0.201970453467	0.972941511193	285	3164	12068	141416	8.2633	7.8627
AAGGNAAAG	0.216087012149	0.974057137234	196	3253	8234	145250	5.6828	5.3647
AAGGNNAAAG	0.250340116294	0.982294842396	174	3275	7344	146140	5.0449	4.7849
AAGGNNGAAA	0.317012080571	0.992963295942	182	3267	7805	145679	5.2769	5.0852
GAAA_AAAG	0.346817666486	0.993968669053	707	2742	31025	122459	20.4987	20.2138
AAAG_AAAG	0.355759877454	0.993968669053	684	2765	30032	123452	19.8318	19.5669
AAGGNNNGAAA	0.37208959156	0.993968669053	168	3281	7276	146208	4.871	4.7406
GAAANAAAG	0.467789412592	0.996574282166	264	3185	11675	141809	7.6544	7.6067
GAAANGAAA	0.587516814333	0.999161988461	283	3166	12738	140746	8.2053	8.2992
GAAANNAAAG	0.843579412125	0.99999770883	261	3188	12316	141168	7.5674	8.0243
GGAANAAAG	0.886348717629	0.999997845006	164	3285	7980	145504	4.755	5.1992
AAGG_AAAG	0.924366116063	0.999997845006	491	2958	23179	130305	14.236	15.1019
AAAGNNNGGAA	0.940557062351	0.999997845006	171	3278	8520	144964	4.958	5.5511
AAAGNNNAAAG	0.955195804369	0.999997845006	219	3230	10860	142624	6.3497	7.0757
AAAGNNNGAAA	0.970626538909	0.999997845006	254	3195	12636	140848	7.3645	8.2328
AAGGNNNAAAG	0.99965314027	0.999997845006	158	3291	9045	144439	4.581	5.8931
