AAAGNGGAA	6.74388703101e-235	0.0	1149	6126	7759	145725	15.7938	5.0553
GGAA_GGAA	1.14903185641e-139	0.0	1545	5730	16519	136965	21.2371	10.7627
GAAA_GGAA	7.05444262853e-136	0.0	1836	5439	21388	132096	25.2371	13.935
AAAG_GGAA	1.17313057237e-134	0.0	1858	5417	21819	131665	25.5395	14.2158
GAAANNGGAA	4.04604588017e-111	0.0	907	6368	8258	145226	12.4674	5.3804
GGAA	3.63605895622e-99	0.0	7261	14	147545	5939	99.8076	96.1305
GGAANNGGAA	7.02287832174e-90	0.0	668	6607	5748	147736	9.1821	3.745
AAGG	3.7084384086e-78	0.0	7233	42	147135	6349	99.4227	95.8634
GGAANNNGGAA	1.08422516907e-70	0.0	620	6655	5803	147681	8.5223	3.7809
AAAG	9.22727287883e-64	0.0	7234	41	147992	5492	99.4364	96.4218
GAAA	2.29046337757e-54	0.0	7217	58	147820	5664	99.2027	96.3097
GGAANNGAAA	3.81611334307e-48	0.0	708	6567	8220	145264	9.732	5.3556
GGAA_GAAA	1.33311395614e-45	0.0	1542	5733	22770	130714	21.1959	14.8354
GAAANNNGGAA	1.00898927727e-42	0.0	650	6625	7631	145853	8.9347	4.9719
AAGG_AAGG	6.76416188155e-33	0.0	1093	6182	15958	137526	15.0241	10.3972
AAGG_GGAA	6.79866959781e-31	0.0	1139	6136	16999	136485	15.6564	11.0754
GGAA_AAGG	8.68431919053e-25	0.0	1100	6175	16997	136487	15.1203	11.0741
AAAG_AAGG	3.51481558422e-23	0.0	1278	5997	20520	132964	17.567	13.3695
AAGGNGGAA	1.26402263872e-21	0.0	422	6853	5377	148107	5.8007	3.5033
AAAGNNNAAGG	1.17351226892e-19	0.0	475	6800	6422	147062	6.5292	4.1841
GGAANGGAA	1.22081479646e-17	0.0	460	6815	6347	147137	6.323	4.1353
AAGGNAAGG	2.4442673966e-17	0.0	454	6821	6272	147212	6.2405	4.0864
GGAANNNAAAG	4.43567208738e-17	0.0	535	6740	7703	145781	7.354	5.0188
AAAGNNGGAA	4.48203424487e-17	0.0	495	6780	7005	146479	6.8041	4.564
GAAANGGAA	8.92517409384e-17	4.88498130835e-15	498	6777	7087	146397	6.8454	4.6174
GGAANNNGAAA	1.0652364417e-16	4.88498130835e-15	556	6719	8113	145371	7.6426	5.2859
GGAANNAAGG	5.66339723276e-16	2.33146835171e-14	444	6831	6229	147255	6.1031	4.0584
AAGGNNNAAGG	1.80439871515e-14	7.41962047357e-13	366	6909	5031	148453	5.0309	3.2779
AAGGNNNGGAA	9.13880591952e-14	3.65485419707e-12	353	6922	4874	148610	4.8522	3.1756
GGAA_AAAG	3.73249213734e-13	1.45570222543e-11	1265	6010	21922	131562	17.3883	14.2829
GGAANAAGG	6.43953101717e-11	2.44702014207e-09	342	6933	4968	148516	4.701	3.2368
AAGGNNAAGG	8.8234627643e-11	3.26468174716e-09	395	6880	5922	147562	5.4296	3.8584
GAAA_AAGG	2.50751091515e-08	9.0270353148e-07	1046	6229	18692	134792	14.378	12.1785
GGAANNNAAGG	1.82453670923e-07	6.38585867607e-06	432	6843	7056	146428	5.9381	4.5972
AAAGNAAGG	2.07117449454e-07	7.04196921453e-06	488	6787	8115	145369	6.7079	5.2872
GGAANNAAAG	1.15240895729e-06	3.80287943895e-05	466	6809	7833	145651	6.4055	5.1035
GAAANAAGG	3.73912547452e-06	0.000119645080837	311	6964	5016	148468	4.2749	3.2681
AAGGNGAAA	5.30672446345e-06	0.000164495364022	387	6888	6461	147023	5.3196	4.2096
AAGGNNGGAA	7.99305548935e-06	0.000239763875067	459	6816	7861	145623	6.3093	5.1217
AAAGNGAAA	2.66467733442e-05	0.00077246821559	565	6710	10020	143464	7.7663	6.5284
AAAGNNAAGG	5.30857659813e-05	0.00148533669616	438	6837	7630	145854	6.0206	4.9712
AAGG_GAAA	5.79649520513e-05	0.00156387493744	1070	6205	20128	133356	14.7079	13.1141
GGAANGAAA	0.000589972828272	0.0152267035603	461	6814	8329	145155	6.3368	5.4266
GAAANNAAGG	0.001051681903	0.0259628970734	429	6846	7769	145715	5.8969	5.0618
GAAANNGAAA	0.00445227317969	0.101558009607	643	6632	12231	141253	8.8385	7.9689
GAAANNNAAGG	0.0124045702826	0.249555387411	383	6892	7182	146302	5.2646	4.6793
AAGGNNAAAG	0.0126018454644	0.249555387411	391	6884	7344	146140	5.3746	4.7849
AAAGNNAAAG	0.0233510113384	0.391152400148	582	6693	11301	142183	8.0	7.363
AAGGNNGAAA	0.0266423884831	0.417295211563	408	6867	7805	145679	5.6082	5.0852
GAAA_GAAA	0.051635033739	0.634796826612	1523	5752	30913	122571	20.9347	20.1409
AAAG_GAAA	0.0548015296475	0.637411369286	1443	5832	29271	124213	19.8351	19.071
AAAGNNGAAA	0.0557677756273	0.637411369286	507	6768	9958	143526	6.9691	6.488
AAGGNAAAG	0.0638552430783	0.652072987049	421	6854	8234	145250	5.7869	5.3647
AAAGNNNGGAA	0.119316836266	0.851305327602	428	6847	8520	144964	5.8832	5.5511
GGAANAAAG	0.200736364471	0.956582905414	395	6880	7980	145504	5.4296	5.1992
GAAANNNGAAA	0.219479477924	0.960097854969	512	6763	10433	143051	7.0378	6.7975
AAGGNNNGAAA	0.247334109079	0.966945786867	358	6917	7276	146208	4.921	4.7406
AAAG_AAAG	0.342310908494	0.990040741032	1438	5837	30032	123452	19.7663	19.5669
GAAANNNAAAG	0.370215946104	0.990184405667	573	6702	11917	141567	7.8763	7.7643
GAAANAAAG	0.598666402329	0.999729884402	548	6727	11675	141809	7.5326	7.6067
AAAGNAAAG	0.623883268623	0.999729884402	565	6710	12068	141416	7.7663	7.8627
GAAANGAAA	0.663877268069	0.999729884402	594	6681	12738	140746	8.1649	8.2992
GAAA_AAAG	0.896104693907	0.999998742304	1427	5848	31025	122459	19.6151	20.2138
AAGG_AAAG	0.939182302533	0.999999167949	1051	6224	23179	130305	14.4467	15.1019
AAAGNNNAAAG	0.957737738222	0.999999167949	477	6798	10860	142624	6.5567	7.0757
AAAGNNNGAAA	0.997872473456	0.99999999037	532	6743	12636	140848	7.3127	8.2328
GAAANNAAAG	0.998306787918	0.99999999037	516	6759	12316	141168	7.0928	8.0243
AAGGNNNAAAG	0.999997304295	0.99999999037	339	6936	9045	144439	4.6598	5.8931
