GGAA	2.66372040312e-197	2.66372040312e-197	20064	100	147545	5939	99.5041	96.1305
AAGG	5.91093845389e-187	5.91093845389e-187	20027	137	147135	6349	99.3206	95.8634
AAAG	8.11254554751e-137	8.11254554751e-137	20010	154	147992	5492	99.2363	96.4218
GGAA_GGAA	3.6025597545e-108	3.6025597545e-108	3280	16884	16519	136965	16.2666	10.7627
GAAA	7.64279260126e-96	7.64279260126e-96	19922	242	147820	5664	98.7998	96.3097
AAAGNGGAA	7.10896700803e-79	7.10896700803e-79	1705	18459	7759	145725	8.4557	5.0553
GGAANNGGAA	9.83337143318e-70	9.83337143318e-70	1319	18845	5748	147736	6.5414	3.745
GGAANNNGGAA	5.72242340598e-42	5.72242340598e-42	1187	18977	5803	147681	5.8867	3.7809
GGAA_AAGG	9.4898168874e-36	9.4898168874e-36	2847	17317	16997	136487	14.1192	11.0741
AAGG_AAGG	1.08344228076e-34	1.08344228076e-34	2685	17479	15958	137526	13.3158	10.3972
GAAA_GGAA	1.91418941666e-29	1.91418941666e-29	3415	16749	21388	132096	16.9361	13.935
GAAANNGGAA	2.17964149295e-27	2.17964149295e-27	1474	18690	8258	145226	7.3101	5.3804
AAGG_GGAA	2.2961318913e-25	2.2961318913e-25	2741	17423	16999	136485	13.5935	11.0754
AAAG_GGAA	2.59446322957e-24	2.59446322957e-24	3415	16749	21819	131665	16.9361	14.2158
AAGGNNNGGAA	5.35813294274e-23	5.35813294274e-23	919	19245	4874	148610	4.5576	3.1756
AAGGNNNAAGG	4.43145047418e-22	4.43145047418e-22	937	19227	5031	148453	4.6469	3.2779
GGAANNAAGG	1.05683041379e-21	1.05683041379e-21	1119	19045	6229	147255	5.5495	4.0584
AAAG_AAGG	2.13866795666e-17	2.13866795666e-17	3139	17025	20520	132964	15.5673	13.3695
GGAANGGAA	8.52714841929e-17	8.52714841929e-17	1095	19069	6347	147137	5.4305	4.1353
AAGGNGGAA	6.63238221019e-14	6.63238221019e-14	923	19241	5377	148107	4.5775	3.5033
AAGGNNAAGG	1.27712559411e-11	1.27712559411e-11	981	19183	5922	147562	4.8651	3.8584
AAAGNNNAAGG	3.1069448151e-11	3.1069448151e-11	1050	19114	6422	147062	5.2073	4.1841
AAGGNAAGG	3.8868539332e-11	3.8868539332e-11	1027	19137	6272	147212	5.0932	4.0864
GGAANAAGG	8.00349967684e-11	8.00349967684e-11	832	19332	4968	148516	4.1262	3.2368
GGAANNNAAGG	8.69778891371e-11	8.69778891371e-11	1137	19027	7056	146428	5.6388	4.5972
GGAANNNAAAG	1.2549945428e-08	1.2549945428e-08	1202	18962	7703	145781	5.9611	5.0188
GGAANNGAAA	2.21902009316e-08	2.21902009316e-08	1272	18892	8220	145264	6.3083	5.3556
GAAANNNGGAA	2.7838392471e-07	2.7838392471e-07	1172	18992	7631	145853	5.8123	4.9719
AAGGNGAAA	6.01938435018e-07	6.01938435018e-07	1001	19163	6461	147023	4.9643	4.2096
AAAGNAAGG	1.39790542476e-06	1.39790542476e-06	1229	18935	8115	145369	6.095	5.2872
GGAANNAAAG	4.98480053884e-06	4.98480053884e-06	1180	18984	7833	145651	5.852	5.1035
GGAA_GAAA	5.3849097095e-06	5.3849097095e-06	3231	16933	22770	130714	16.0236	14.8354
GAAANGGAA	6.76933823299e-06	6.76933823299e-06	1073	19091	7087	146397	5.3214	4.6174
GAAANAAGG	1.07977289059e-05	1.07977289059e-05	777	19387	5016	148468	3.8534	3.2681
GGAA_AAAG	2.55106162988e-05	2.55106162988e-05	3097	17067	21922	131562	15.3591	14.2829
AAAGNNGGAA	7.45512549651e-05	7.45512549651e-05	1043	19121	7005	146479	5.1726	4.564
AAAGNNAAGG	8.42086087171e-05	8.42086087171e-05	1129	19035	7630	145854	5.5991	4.9712
AAGGNNGGAA	0.000232866123106	0.000232866123106	1152	19012	7861	145623	5.7132	5.1217
GAAA_AAGG	0.00221154152756	0.00221154152756	2598	17566	18692	134792	12.8843	12.1785
GGAANGAAA	0.0313464392627	0.0313464392627	1159	19005	8329	145155	5.7479	5.4266
GAAANNNAAGG	0.0335888834625	0.0335888834625	1003	19161	7182	146302	4.9742	4.6793
AAGG_GAAA	0.227249812064	0.227249812064	2683	17481	20128	133356	13.3059	13.1141
GGAANNNGAAA	0.242266741938	0.242266741938	1090	19074	8113	145371	5.4057	5.2859
GAAANNAAGG	0.417440384168	0.417440384168	1028	19136	7769	145715	5.0982	5.0618
AAAGNAAAG	0.430541165673	0.430541165673	1593	18571	12068	141416	7.9002	7.8627
AAGGNNAAAG	0.693464483733	0.693464483733	949	19215	7344	146140	4.7064	4.7849
AAGGNAAAG	0.714080582316	0.714080582316	1063	19101	8234	145250	5.2718	5.3647
AAAGNNAAAG	0.785704056302	0.785704056302	1454	18710	11301	142183	7.2109	7.363
GAAANNGAAA	0.806787878796	0.806787878796	1572	18592	12231	141253	7.7961	7.9689
AAGGNNNGAAA	0.918094842745	0.918094842745	912	19252	7276	146208	4.5229	4.7406
AAAGNGAAA	0.934124444867	0.934124444867	1261	18903	10020	143464	6.2537	6.5284
AAGGNNGAAA	0.963345097876	0.963345097876	967	19197	7805	145679	4.7957	5.0852
GAAANNNAAAG	0.984186745364	0.984186745364	1480	18684	11917	141567	7.3398	7.7643
GGAANAAAG	0.994861887699	0.994861887699	964	19200	7980	145504	4.7808	5.1992
GAAANAAAG	0.998499601614	0.998499601614	1417	18747	11675	141809	7.0274	7.6067
AAAGNNGAAA	0.999673698627	0.999673698627	1184	18980	9958	143526	5.8719	6.488
AAAG_AAAG	0.999876909582	0.999876909582	3728	16436	30032	123452	18.4884	19.5669
AAAGNNNGGAA	0.999997780904	0.999997780904	965	19199	8520	144964	4.7858	5.5511
GAAANNNGAAA	0.999998776436	0.999998776436	1196	18968	10433	143051	5.9314	6.7975
AAAGNNNAAAG	0.999999982906	0.999999982906	1219	18945	10860	142624	6.0454	7.0757
GAAANGAAA	0.999999993113	0.999999993113	1443	18721	12738	140746	7.1563	8.2992
AAGG_AAAG	0.999999999373	0.999999999373	2723	17441	23179	130305	13.5043	15.1019
GAAA_AAAG	0.999999999497	0.999999999497	3700	16464	31025	122459	18.3495	20.2138
AAGGNNNAAAG	0.999999999702	0.999999999702	920	19244	9045	144439	4.5626	5.8931
AAAGNNNGAAA	0.999999999732	0.999999999732	1325	18839	12636	140848	6.5711	8.2328
GAAA_GAAA	0.999999999743	0.999999999743	3666	16498	30913	122571	18.1809	20.1409
AAAG_GAAA	0.999999999841	0.999999999841	3421	16743	29271	124213	16.9659	19.071
GAAANNAAAG	1.0	1.0	1345	18819	12316	141168	6.6703	8.0243
