AAAGNGGAA	1.52668206802e-269	1.52668206802e-269	2789	22014	7759	145725	11.2446	5.0553
GGAA	3.18775925703e-269	3.18775925703e-269	24714	89	147545	5939	99.6412	96.1305
AAGG	4.114669396e-251	4.114669396e-251	24667	136	147135	6349	99.4517	95.8634
GGAA_GGAA	9.56050560511e-231	9.56050560511e-231	4546	20257	16519	136965	18.3284	10.7627
AAAG	1.64594562537e-207	1.64594562537e-207	24674	129	147992	5492	99.4799	96.4218
GAAA	1.08281306021e-176	1.08281306021e-176	24618	185	147820	5664	99.2541	96.3097
AAAG_GGAA	4.29990901675e-150	4.29990901675e-150	5173	19630	21819	131665	20.8563	14.2158
GGAANNGGAA	5.11341063631e-143	5.11341063631e-143	1876	22927	5748	147736	7.5636	3.745
GAAA_GGAA	8.78068001961e-140	8.78068001961e-140	5030	19773	21388	132096	20.2798	13.935
GGAANNNGGAA	1.427519989e-119	1.427519989e-119	1796	23007	5803	147681	7.2411	3.7809
GAAANNGGAA	1.27811454601e-111	1.27811454601e-111	2289	22514	8258	145226	9.2287	5.3804
GGAA_AAGG	4.96593001723e-66	4.96593001723e-66	3708	21095	16997	136487	14.9498	11.0741
AAGG_AAGG	4.27928157511e-64	4.27928157511e-64	3501	21302	15958	137526	14.1152	10.3972
AAGG_GGAA	2.49200913894e-56	2.49200913894e-56	3629	21174	16999	136485	14.6313	11.0754
GGAA_GAAA	4.75941904772e-46	4.75941904772e-46	4567	20236	22770	130714	18.4131	14.8354
GAAANNNGGAA	8.37358869573e-43	8.37358869573e-43	1774	23029	7631	145853	7.1524	4.9719
AAGGNGGAA	2.08755799041e-39	2.08755799041e-39	1312	23491	5377	148107	5.2897	3.5033
AAGGNNNAAGG	4.15721113827e-35	4.15721113827e-35	1216	23587	5031	148453	4.9026	3.2779
GGAANNGAAA	8.01069425954e-34	8.01069425954e-34	1818	22985	8220	145264	7.3298	5.3556
GGAANNAAGG	1.13817223868e-33	1.13817223868e-33	1439	23364	6229	147255	5.8017	4.0584
AAAGNNNAAGG	4.01257218238e-33	4.01257218238e-33	1472	23331	6422	147062	5.9348	4.1841
AAAG_AAGG	1.16513161593e-27	1.16513161593e-27	3961	20842	20520	132964	15.9698	13.3695
AAGGNAAGG	9.94048647515e-27	9.94048647515e-27	1394	23409	6272	147212	5.6203	4.0864
GGAANGGAA	2.22264311428e-25	2.22264311428e-25	1397	23406	6347	147137	5.6324	4.1353
GGAA_AAAG	9.5697090815e-24	9.5697090815e-24	4151	20652	21922	131562	16.7359	14.2829
AAGGNNNGGAA	3.51026683955e-22	3.51026683955e-22	1093	23710	4874	148610	4.4067	3.1756
GGAANNNAAAG	4.02259387908e-22	4.02259387908e-22	1619	23184	7703	145781	6.5274	5.0188
AAAGNNGGAA	7.82385381547e-22	7.82385381547e-22	1488	23315	7005	146479	5.9993	4.564
GGAANNNAAGG	2.91451226839e-21	2.91451226839e-21	1492	23311	7056	146428	6.0154	4.5972
GAAANGGAA	7.563502841e-20	7.563502841e-20	1484	23319	7087	146397	5.9831	4.6174
AAGGNNAAGG	3.84595117046e-19	3.84595117046e-19	1263	23540	5922	147562	5.0921	3.8584
GGAANAAGG	1.66426400963e-18	1.66426400963e-18	1080	23723	4968	148516	4.3543	3.2368
GGAANNAAAG	2.09099178762e-16	2.09099178762e-16	1583	23220	7833	145651	6.3823	5.1035
GGAANNNGAAA	9.06086013013e-15	9.06086013013e-15	1614	23189	8113	145371	6.5073	5.2859
AAGGNGAAA	3.69749603575e-11	3.69749603575e-11	1275	23528	6461	147023	5.1405	4.2096
AAGGNNGGAA	1.83502415506e-10	1.83502415506e-10	1513	23290	7861	145623	6.1001	5.1217
AAAGNAAGG	8.85924290654e-09	8.85924290654e-09	1532	23271	8115	145369	6.1767	5.2872
GGAANGAAA	9.12421772094e-09	9.12421772094e-09	1569	23234	8329	145155	6.3258	5.4266
GAAANAAGG	8.72151141894e-07	8.72151141894e-07	960	23843	5016	148468	3.8705	3.2681
AAGG_GAAA	1.4151645353e-06	1.4151645353e-06	3525	21278	20128	133356	14.212	13.1141
GAAA_AAGG	4.81270588725e-06	4.81270588725e-06	3270	21533	18692	134792	13.1839	12.1785
AAAGNNGAAA	2.86061756591e-05	2.86061756591e-05	1781	23022	9958	143526	7.1806	6.488
AAAGNGAAA	0.00199318663131	0.00199318663131	1742	23061	10020	143464	7.0233	6.5284
GAAANNNAAGG	0.00255538365785	0.00255538365785	1263	23540	7182	146302	5.0921	4.6793
AAAGNNAAGG	0.0291981803952	0.0291981803952	1304	23499	7630	145854	5.2574	4.9712
AAGGNAAAG	0.0370575285368	0.0370575285368	1400	23403	8234	145250	5.6445	5.3647
AAAGNAAAG	0.0806779442767	0.0806779442767	2015	22788	12068	141416	8.124	7.8627
AAAGNNAAAG	0.0812022718776	0.0812022718776	1889	22914	11301	142183	7.616	7.363
GGAANAAAG	0.0895899076645	0.0895899076645	1341	23462	7980	145504	5.4066	5.1992
AAAG_AAAG	0.0953653499957	0.0953653499957	4942	19861	30032	123452	19.925	19.5669
AAGGNNAAAG	0.120489878433	0.120489878433	1230	23573	7344	146140	4.9591	4.7849
AAGGNNGAAA	0.160149702303	0.160149702303	1299	23504	7805	145679	5.2373	5.0852
GAAANNAAGG	0.188156868951	0.188156868951	1289	23514	7769	145715	5.197	5.0618
AAGGNNNGAAA	0.25594500669	0.25594500669	1200	23603	7276	146208	4.8381	4.7406
AAAG_GAAA	0.444470255642	0.444470255642	4740	20063	29271	124213	19.1106	19.071
GAAANNNAAAG	0.528517142263	0.528517142263	1923	22880	11917	141567	7.7531	7.7643
GAAANNNGAAA	0.684119811398	0.684119811398	1666	23137	10433	143051	6.7169	6.7975
GAAANNGAAA	0.75049577729	0.75049577729	1946	22857	12231	141253	7.8458	7.9689
AAAGNNNAAAG	0.824543858688	0.824543858688	1715	23088	10860	142624	6.9145	7.0757
AAAGNNNGGAA	0.941033709294	0.941033709294	1317	23486	8520	144964	5.3098	5.5511
GAAANGAAA	0.941441290352	0.941441290352	1986	22817	12738	140746	8.0071	8.2992
GAAA_GAAA	0.982562758824	0.982562758824	4853	19950	30913	122571	19.5662	20.1409
GAAA_AAAG	0.992533595554	0.992533595554	4849	19954	31025	122459	19.5501	20.2138
AAGG_AAAG	0.996397631883	0.996397631883	3584	21219	23179	130305	14.4499	15.1019
GAAANNAAAG	0.998330896949	0.998330896949	1857	22946	12316	141168	7.487	8.0243
GAAANAAAG	0.998527698208	0.998527698208	1755	23048	11675	141809	7.0758	7.6067
AAGGNNNAAAG	0.999999998415	0.999999998415	1230	23573	9045	144439	4.9591	5.8931
AAAGNNNGAAA	0.999999999906	0.999999999906	1736	23067	12636	140848	6.9992	8.2328
