AAAGNGGAA	1.67522286833e-263	1.67522286833e-263	2315	17087	7759	145725	11.9318	5.0553
GGAA	1.14015512404e-197	1.14015512404e-197	19314	88	147545	5939	99.5464	96.1305
AAGG	2.8403024017e-187	2.8403024017e-187	19279	123	147135	6349	99.366	95.8634
AAAG	1.96773215745e-160	1.96773215745e-160	19294	108	147992	5492	99.4434	96.4218
GAAA	4.43657503361e-144	4.43657503361e-144	19261	141	147820	5664	99.2733	96.3097
GGAA_GGAA	3.24010092301e-134	3.24010092301e-134	3311	16091	16519	136965	17.0653	10.7627
AAAG_GGAA	1.61050768512e-130	1.61050768512e-130	4095	15307	21819	131665	21.1061	14.2158
GAAA_GGAA	1.22580014321e-122	1.22580014321e-122	3987	15415	21388	132096	20.5494	13.935
GAAANNGGAA	2.00256747871e-99	2.00256747871e-99	1829	17573	8258	145226	9.4269	5.3804
GGAANNGGAA	1.09936531228e-86	1.09936531228e-86	1352	18050	5748	147736	6.9684	3.745
GGAANNNGGAA	2.57961477425e-70	2.57961477425e-70	1291	18111	5803	147681	6.654	3.7809
GGAANNGAAA	1.1651021329e-68	1.1651021329e-68	1676	17726	8220	145264	8.6383	5.3556
GGAA_GAAA	3.2341633704e-47	3.2341633704e-47	3664	15738	22770	130714	18.8847	14.8354
GAAANNNGGAA	1.5111305375e-44	1.5111305375e-44	1449	17953	7631	145853	7.4683	4.9719
GGAANNNAAAG	2.87325531904e-36	2.87325531904e-36	1407	17995	7703	145781	7.2518	5.0188
GGAA_AAGG	1.18587818798e-35	1.18587818798e-35	2749	16653	16997	136487	14.1686	11.0741
AAGG_AAGG	1.08233237994e-32	1.08233237994e-32	2575	16827	15958	137526	13.2718	10.3972
AAGGNGGAA	6.57912748187e-32	6.57912748187e-32	1024	18378	5377	148107	5.2778	3.5033
GGAA_AAAG	2.59058727294e-29	2.59058727294e-29	3368	16034	21922	131562	17.359	14.2829
AAAGNNNAAGG	4.29216925056e-28	4.29216925056e-28	1158	18244	6422	147062	5.9685	4.1841
AAGG_GGAA	9.50017774782e-27	9.50017774782e-27	2661	16741	16999	136485	13.7151	11.0754
AAAG_AAGG	8.29172293696e-24	8.29172293696e-24	3112	16290	20520	132964	16.0396	13.3695
GGAANNAAGG	3.31318239355e-21	3.31318239355e-21	1078	18324	6229	147255	5.5561	4.0584
AAGGNNNAAGG	9.42712234051e-18	9.42712234051e-18	874	18528	5031	148453	4.5047	3.2779
AAAGNNGGAA	8.25696653544e-17	8.25696653544e-17	1153	18249	7005	146479	5.9427	4.564
GGAANGGAA	1.26553457424e-14	1.26553457424e-14	1038	18364	6347	147137	5.35	4.1353
AAGGNNAAGG	5.5034571723e-14	5.5034571723e-14	971	18431	5922	147562	5.0046	3.8584
GGAANNAAAG	1.75444125058e-13	1.75444125058e-13	1237	18165	7833	145651	6.3756	5.1035
GGAANAAGG	8.95729025578e-12	8.95729025578e-12	813	18589	4968	148516	4.1903	3.2368
GAAANGGAA	3.2011692477e-11	3.2011692477e-11	1107	18295	7087	146397	5.7056	4.6174
AAGGNAAGG	5.50003922967e-11	5.50003922967e-11	990	18412	6272	147212	5.1026	4.0864
AAGGNGAAA	6.80504838638e-10	6.80504838638e-10	1004	18398	6461	147023	5.1747	4.2096
GGAANNNAAGG	1.39754350513e-09	1.39754350513e-09	1083	18319	7056	146428	5.5819	4.5972
AAAGNNGAAA	1.9114024858e-09	1.9114024858e-09	1480	17922	9958	143526	7.6281	6.488
AAGGNNNGGAA	2.35780285854e-09	2.35780285854e-09	775	18627	4874	148610	3.9944	3.1756
GAAANAAGG	1.86230621824e-08	1.86230621824e-08	785	18617	5016	148468	4.046	3.2681
AAAGNAAGG	6.5363654908e-08	6.5363654908e-08	1206	18196	8115	145369	6.2159	5.2872
AAAGNGAAA	9.7218556107e-08	9.7218556107e-08	1462	17940	10020	143464	7.5353	6.5284
GAAA_AAGG	1.22766997212e-07	1.22766997212e-07	2617	16785	18692	134792	13.4883	12.1785
AAGG_GAAA	6.11908364471e-06	6.11908364471e-06	2766	16636	20128	133356	14.2563	13.1141
GGAANNNGAAA	1.20416657852e-05	1.20416657852e-05	1169	18233	8113	145371	6.0252	5.2859
AAAG_GAAA	7.32396409299e-05	7.32396409299e-05	3923	15479	29271	124213	20.2196	19.071
GAAANNNAAGG	7.8551717711e-05	7.8551717711e-05	1029	18373	7182	146302	5.3036	4.6793
GGAANGAAA	0.000227383667028	0.000227383667028	1173	18229	8329	145155	6.0458	5.4266
AAAG_AAAG	0.000330657639687	0.000330657639687	3998	15404	30032	123452	20.6061	19.5669
AAGGNNGAAA	0.00112854332453	0.00112854332453	1088	18314	7805	145679	5.6077	5.0852
AAGGNNGGAA	0.00157427476053	0.00157427476053	1092	18310	7861	145623	5.6283	5.1217
AAAGNNAAAG	0.00193627855253	0.00193627855253	1542	17860	11301	142183	7.9476	7.363
AAAGNAAAG	0.00560553366589	0.00560553366589	1628	17774	12068	141416	8.3909	7.8627
GAAA_GAAA	0.00827779958193	0.00827779958193	4051	15351	30913	122571	20.8793	20.1409
AAAGNNAAGG	0.00829234528319	0.00829234528319	1043	18359	7630	145854	5.3757	4.9712
GAAANNNAAAG	0.0105819184495	0.0105819184495	1599	17803	11917	141567	8.2414	7.7643
GAAANNNGAAA	0.0205910549387	0.0205910549387	1396	18006	10433	143051	7.1951	6.7975
GAAANNGAAA	0.0206360936686	0.0206360936686	1629	17773	12231	141253	8.396	7.9689
AAGGNAAAG	0.0292174752377	0.0292174752377	1105	18297	8234	145250	5.6953	5.3647
GAAA_AAAG	0.111167984559	0.111167984559	3995	15407	31025	122459	20.5907	20.2138
GGAANAAAG	0.16009620333	0.16009620333	1042	18360	7980	145504	5.3706	5.1992
AAGGNNAAAG	0.170563630482	0.170563630482	959	18443	7344	146140	4.9428	4.7849
GAAANGAAA	0.200729504067	0.200729504067	1645	17757	12738	140746	8.4785	8.2992
GAAANNAAGG	0.235262826303	0.235262826303	1006	18396	7769	145715	5.185	5.0618
AAAGNNNAAAG	0.439833396094	0.439833396094	1379	18023	10860	142624	7.1075	7.0757
AAGGNNNGAAA	0.565731651889	0.565731651889	915	18487	7276	146208	4.716	4.7406
GAAANNAAAG	0.639435278755	0.639435278755	1543	17859	12316	141168	7.9528	8.0243
GAAANAAAG	0.757520980195	0.757520980195	1449	17953	11675	141809	7.4683	7.6067
AAGG_AAAG	0.945645846573	0.945645846573	2846	16556	23179	130305	14.6686	15.1019
AAAGNNNGGAA	0.997477199808	0.997477199808	984	18418	8520	144964	5.0716	5.5511
AAGGNNNAAAG	0.999977098532	0.999977098532	1005	18397	9045	144439	5.1799	5.8931
AAAGNNNGAAA	0.999990736901	0.999990736901	1427	17975	12636	140848	7.3549	8.2328
