GGAA	5.63759327557e-227	5.63759327557e-227	20006	67	147545	5939	99.6662	96.1305
AAGG	1.55839239129e-205	1.55839239129e-205	19961	112	147135	6349	99.442	95.8634
AAAG	7.64156526382e-167	7.64156526382e-167	19963	110	147992	5492	99.452	96.4218
GGAA_GGAA	8.12673203137e-129	8.12673203137e-129	3378	16695	16519	136965	16.8286	10.7627
GAAA	2.62353613309e-114	2.62353613309e-114	19870	203	147820	5664	98.9887	96.3097
AAAGNGGAA	1.12948216677e-76	1.12948216677e-76	1688	18385	7759	145725	8.4093	5.0553
GGAANNGGAA	2.32872474993e-76	2.32872474993e-76	1344	18729	5748	147736	6.6956	3.745
GGAA_AAGG	1.55563333717e-52	1.55563333717e-52	2979	17094	16997	136487	14.8408	11.0741
GGAANNNGGAA	2.41932168682e-52	2.41932168682e-52	1239	18834	5803	147681	6.1725	3.7809
AAGG_AAGG	1.09590087292e-49	1.09590087292e-49	2802	17271	15958	137526	13.959	10.3972
AAGG_GGAA	4.45578356313e-42	4.45578356313e-42	2893	17180	16999	136485	14.4124	11.0754
AAAG_GGAA	2.39818030002e-33	2.39818030002e-33	3505	16568	21819	131665	17.4613	14.2158
GGAANNAAGG	9.01270588163e-31	9.01270588163e-31	1181	18892	6229	147255	5.8835	4.0584
GAAA_GGAA	4.16108080459e-29	4.16108080459e-29	3397	16676	21388	132096	16.9232	13.935
AAGGNNNGGAA	7.24898663338e-26	7.24898663338e-26	935	19138	4874	148610	4.658	3.1756
GAAANNGGAA	1.07367739271e-24	1.07367739271e-24	1446	18627	8258	145226	7.2037	5.3804
GGAANGGAA	2.56303501887e-24	2.56303501887e-24	1153	18920	6347	147137	5.744	4.1353
AAGGNNNAAGG	5.29519913964e-24	5.29519913964e-24	947	19126	5031	148453	4.7178	3.2779
AAGGNAAGG	1.3418195932e-23	1.3418195932e-23	1136	18937	6272	147212	5.6593	4.0864
AAGGNGGAA	4.96711693155e-21	4.96711693155e-21	979	19094	5377	148107	4.8772	3.5033
AAAG_AAGG	1.12166718298e-18	1.12166718298e-18	3144	16929	20520	132964	15.6628	13.3695
GGAANNNAAGG	2.83175614553e-16	2.83175614553e-16	1191	18882	7056	146428	5.9333	4.5972
GGAANAAGG	3.01219567148e-15	3.01219567148e-15	870	19203	4968	148516	4.3342	3.2368
AAAGNNNAAGG	7.88954209595e-13	7.88954209595e-13	1063	19010	6422	147062	5.2957	4.1841
AAGGNNAAGG	1.12197097278e-12	1.12197097278e-12	988	19085	5922	147562	4.922	3.8584
AAGGNNGGAA	1.27863692997e-09	1.27863692997e-09	1233	18840	7861	145623	6.1426	5.1217
GAAANGGAA	1.33002298195e-08	1.33002298195e-08	1109	18964	7087	146397	5.5248	4.6174
AAAGNAAGG	1.83400845194e-07	1.83400845194e-07	1238	18835	8115	145369	6.1675	5.2872
GGAANNAAAG	7.18546610442e-07	7.18546610442e-07	1189	18884	7833	145651	5.9234	5.1035
AAAGNNGGAA	1.04614975874e-06	1.04614975874e-06	1070	19003	7005	146479	5.3305	4.564
GGAA_AAAG	1.28123601595e-05	1.28123601595e-05	3092	16981	21922	131562	15.4038	14.2829
GAAANNNGGAA	2.95263616225e-05	2.95263616225e-05	1133	18940	7631	145853	5.6444	4.9719
GGAA_GAAA	0.000159850112631	0.000159850112631	3173	16900	22770	130714	15.8073	14.8354
GGAANNNAAAG	0.000214968659616	0.000214968659616	1126	18947	7703	145781	5.6095	5.0188
AAAGNNAAGG	0.000504888649215	0.000504888649215	1108	18965	7630	145854	5.5199	4.9712
GGAANGAAA	0.00249967533701	0.00249967533701	1187	18886	8329	145155	5.9134	5.4266
GAAA_AAGG	0.0062826034544	0.0062826034544	2569	17504	18692	134792	12.7983	12.1785
AAGGNGAAA	0.0116838452111	0.0116838452111	915	19158	6461	147023	4.5584	4.2096
GGAANNGAAA	0.0198867149059	0.0198867149059	1146	18927	8220	145264	5.7092	5.3556
GAAANNAAGG	0.0232194661965	0.0232194661965	1083	18990	7769	145715	5.3953	5.0618
GAAANAAGG	0.0464456570704	0.0464456570704	702	19371	5016	148468	3.4972	3.2681
GAAANNNAAGG	0.0587022500395	0.0587022500395	990	19083	7182	146302	4.932	4.6793
GGAANNNGAAA	0.0809137414506	0.0809137414506	1109	18964	8113	145371	5.5248	5.2859
AAAGNAAAG	0.24347803347	0.24347803347	1607	18466	12068	141416	8.0058	7.8627
AAGGNNAAAG	0.511165786231	0.511165786231	960	19113	7344	146140	4.7825	4.7849
AAGGNAAAG	0.641696582998	0.641696582998	1065	19008	8234	145250	5.3056	5.3647
AAGG_GAAA	0.766117991706	0.766117991706	2596	17477	20128	133356	12.9328	13.1141
AAAGNNAAAG	0.854880874521	0.854880874521	1437	18636	11301	142183	7.1589	7.363
AAGGNNNGAAA	0.877775377742	0.877775377742	915	19158	7276	146208	4.5584	4.7406
GGAANAAAG	0.897435864578	0.897435864578	1002	19071	7980	145504	4.9918	5.1992
AAAGNNNGGAA	0.9835047949	0.9835047949	1042	19031	8520	144964	5.1911	5.5511
AAAG_AAAG	0.993941597575	0.993941597575	3779	16294	30032	123452	18.8263	19.5669
AAAGNGAAA	0.99615072621	0.99615072621	1213	18860	10020	143464	6.0429	6.5284
AAAGNNGAAA	0.997717243473	0.997717243473	1199	18874	9958	143526	5.9732	6.488
AAGGNNGAAA	0.999252200094	0.999252200094	918	19155	7805	145679	4.5733	5.0852
GAAANNNAAAG	0.999414156328	0.999414156328	1430	18643	11917	141567	7.124	7.7643
GAAANNGAAA	0.999991359881	0.999991359881	1428	18645	12231	141253	7.114	7.9689
GAAANAAAG	0.999999718028	0.999999718028	1332	18741	11675	141809	6.6358	7.6067
GAAANNNGAAA	0.999999747364	0.999999747364	1179	18894	10433	143051	5.8736	6.7975
AAGG_AAAG	0.999999869186	0.999999869186	2758	17315	23179	130305	13.7398	15.1019
AAAGNNNAAAG	0.99999997689	0.99999997689	1215	18858	10860	142624	6.0529	7.0757
GAAANNAAAG	0.999999999181	0.999999999181	1369	18704	12316	141168	6.8201	8.0243
GAAA_AAAG	0.999999999595	0.999999999595	3648	16425	31025	122459	18.1737	20.2138
AAGGNNNAAAG	0.999999999665	0.999999999665	923	19150	9045	144439	4.5982	5.8931
GAAA_GAAA	0.999999999668	0.999999999668	3512	16561	30913	122571	17.4961	20.1409
AAAG_GAAA	0.999999999896	0.999999999896	3335	16738	29271	124213	16.6144	19.071
GAAANGAAA	0.9999999999	0.9999999999	1389	18684	12738	140746	6.9197	8.2992
AAAGNNNGAAA	0.999999999919	0.999999999919	1265	18808	12636	140848	6.302	8.2328
