Motif	IRF8_CDP_MPP_WT_H3K4me1	IRF8_MPP_CDP_WT_H3K4me1	IRF8_cDC_pDC_WT_H3K4me1	IRF8_pDC_cDC_WT_H3K4me1
AAAG	134113	127213	166829	127836
AAAGNAAAG	1960	1824	2345	1891
AAAGNAAGG	1324	1334	1670	1341
AAAGNGAAA	1602	1273	1888	1331
AAAGNGGAA	2485	1779	2964	1793
AAAGNNAAAG	1742	1532	2088	1564
AAAGNNAAGG	1188	1197	1479	1241
AAAGNNGAAA	1565	1264	1898	1239
AAAGNNGGAA	1220	1109	1549	1107
AAAGNNNAAAG	1459	1294	1805	1301
AAAGNNNAAGG	1201	1101	1554	1091
AAAGNNNGAAA	1891	1637	2298	1765
AAAGNNNGGAA	1059	1116	1407	1042
AAAG_AAAG	4974	4464	6007	4570
AAAG_AAGG	3654	3582	4623	3629
AAAG_GAAA	4980	4096	5981	4277
AAAG_GGAA	4750	3985	5895	3930
AAGG	106736	114624	140265	112975
AAGGNAAAG	1173	1117	1501	1110
AAGGNAAGG	1210	1256	1617	1187
AAGGNGAAA	1043	954	1341	1035
AAGGNGGAA	1130	1016	1393	984
AAGGNNAAAG	1004	1016	1280	1003
AAGGNNAAGG	1082	1047	1410	1066
AAGGNNGAAA	1158	967	1379	1018
AAGGNNGGAA	1488	1664	2047	1586
AAGGNNNAAAG	1066	959	1305	976
AAGGNNNAAGG	950	1012	1283	1012
AAGGNNNGAAA	965	954	1252	961
AAGGNNNGGAA	864	1008	1214	999
AAGG_AAAG	3218	3064	4040	3065
AAGG_AAGG	3118	3220	4143	3180
AAGG_GAAA	3154	2867	3958	2997
AAGG_GGAA	3426	3639	4596	3516
GAAA	129902	120705	160060	121741
GAAANAAAG	1939	1761	2390	1888
GAAANAAGG	835	727	1009	831
GAAANGAAA	1938	1602	2305	1722
GAAANGGAA	1171	1153	1585	1102
GAAANNAAAG	1720	1494	2080	1495
GAAANNAAGG	1113	1157	1411	1110
GAAANNGAAA	1829	1538	2128	1709
GAAANNGGAA	1946	1534	2429	1562
GAAANNNAAAG	1822	1542	2137	1636
GAAANNNAAGG	1119	1042	1373	1070
GAAANNNGAAA	1487	1257	1780	1270
GAAANNNGGAA	1527	1195	1858	1244
GAAA_AAAG	5304	4610	6372	4810
GAAA_AAGG	3041	2902	3761	2986
GAAA_GAAA	5033	4194	5928	4493
GAAA_GGAA	4597	3836	5808	3865
GGAA	118732	125598	158214	121235
GGAANAAAG	1119	1056	1435	1039
GGAANAAGG	888	899	1150	903
GGAANGAAA	1252	1245	1651	1241
GGAANGGAA	1264	1295	1638	1260
GGAANNAAAG	1307	1245	1663	1244
GGAANNAAGG	1479	1620	1993	1558
GGAANNGAAA	1883	1252	2036	1403
GGAANNGGAA	1535	1458	2076	1485
GGAANNNAAAG	1547	1183	1771	1288
GGAANNNAAGG	1184	1281	1600	1225
GGAANNNGAAA	1252	1151	1723	1145
GGAANNNGGAA	1413	1322	1934	1271
GGAA_AAAG	3947	3464	4836	3541
GGAA_AAGG	3501	3741	4686	3628
GGAA_GAAA	4321	3594	5319	3740
GGAA_GGAA	4053	3958	5475	3901
