Motif	IRF8_CDP_MPP_WT_H3K4me1	IRF8_MPP_CDP_WT_H3K4me1	IRF8_cDC_pDC_WT_H3K4me1	IRF8_pDC_cDC_WT_H3K4me1
AAAG	19294	19963	24674	20010
AAAGNAAAG	1628	1607	2015	1593
AAAGNAAGG	1206	1238	1532	1229
AAAGNGAAA	1462	1213	1742	1261
AAAGNGGAA	2315	1688	2789	1705
AAAGNNAAAG	1542	1437	1889	1454
AAAGNNAAGG	1043	1108	1304	1129
AAAGNNGAAA	1480	1199	1781	1184
AAAGNNGGAA	1153	1070	1488	1043
AAAGNNNAAAG	1379	1215	1715	1219
AAAGNNNAAGG	1158	1063	1472	1050
AAAGNNNGAAA	1427	1265	1736	1325
AAAGNNNGGAA	984	1042	1317	965
AAAG_AAAG	3998	3779	4942	3728
AAAG_AAGG	3112	3144	3961	3139
AAAG_GAAA	3923	3335	4740	3421
AAAG_GGAA	4095	3505	5173	3415
AAGG	19279	19961	24667	20027
AAGGNAAAG	1105	1065	1400	1063
AAGGNAAGG	990	1136	1394	1027
AAGGNGAAA	1004	915	1275	1001
AAGGNGGAA	1024	979	1312	923
AAGGNNAAAG	959	960	1230	949
AAGGNNAAGG	971	988	1263	981
AAGGNNGAAA	1088	918	1299	967
AAGGNNGGAA	1092	1233	1513	1152
AAGGNNNAAAG	1005	923	1230	920
AAGGNNNAAGG	874	947	1216	937
AAGGNNNGAAA	915	915	1200	912
AAGGNNNGGAA	775	935	1093	919
AAGG_AAAG	2846	2758	3584	2723
AAGG_AAGG	2575	2802	3501	2685
AAGG_GAAA	2766	2596	3525	2683
AAGG_GGAA	2661	2893	3629	2741
GAAA	19261	19870	24618	19922
GAAANAAAG	1449	1332	1755	1417
GAAANAAGG	785	702	960	777
GAAANGAAA	1645	1389	1986	1443
GAAANGGAA	1107	1109	1484	1073
GAAANNAAAG	1543	1369	1857	1345
GAAANNAAGG	1006	1083	1289	1028
GAAANNGAAA	1629	1428	1946	1572
GAAANNGGAA	1829	1446	2289	1474
GAAANNNAAAG	1599	1430	1923	1480
GAAANNNAAGG	1029	990	1263	1003
GAAANNNGAAA	1396	1179	1666	1196
GAAANNNGGAA	1449	1133	1774	1172
GAAA_AAAG	3995	3648	4849	3700
GAAA_AAGG	2617	2569	3270	2598
GAAA_GAAA	4051	3512	4853	3666
GAAA_GGAA	3987	3397	5030	3415
GGAA	19314	20006	24714	20064
GGAANAAAG	1042	1002	1341	964
GGAANAAGG	813	870	1080	832
GGAANGAAA	1173	1187	1569	1159
GGAANGGAA	1038	1153	1397	1095
GGAANNAAAG	1237	1189	1583	1180
GGAANNAAGG	1078	1181	1439	1119
GGAANNGAAA	1676	1146	1818	1272
GGAANNGGAA	1352	1344	1876	1319
GGAANNNAAAG	1407	1126	1619	1202
GGAANNNAAGG	1083	1191	1492	1137
GGAANNNGAAA	1169	1109	1614	1090
GGAANNNGGAA	1291	1239	1796	1187
GGAA_AAAG	3368	3092	4151	3097
GGAA_AAGG	2749	2979	3708	2847
GGAA_GAAA	3664	3173	4567	3231
GGAA_GGAA	3311	3378	4546	3280
